# Publication.DOI: https://doi.org/10.20383/103.01329
# Publication.authors: Peter Blanchard, Miranda Vu, Joel Reid, Erika Bergen, Jeff Warner
# Publication.affiliation: Canadian Light Source
# CLS Data Acquisition
# Spectrum.license: CC0-4.0
# Thu Sep  2 01:41:04 2010
#(2) BL1606-ID1:mcs:background BL1606-ID1:mcs:background BL1606-ID-1:Energy:0 PSL16062I1005:gap:mm PSL16062I1006:gap:mm PSL16062I1021:gap PSL16062I1022:gap Amp1606-2-I10-01:gain:fbk Amp1606-2-I10-02:gain:fbk Amp1606-2-I10-03:gain:fbk Amp1606-2-I10-04:gain:fbk
#(1) Event-ID BL1606-ID-1:Energy MONO16061I1001:Energy:fbk MONO16061I1001:Energy:sp BL1606-ID1:mcs03:fbk BL1606-ID1:mcs04:fbk BL1606-ID1:mcs05:fbk BL1606-ID1:mcs06:fbk BL1606-ID-1:k BL1606-ID1:mcs:delay PCT1402-01:mA:fbk
#(2) "$(Background)[0]" "$(Background)[1-4]" "Energy Base" "$(XAFS_Slits_V)" "$(XAFS_Slits_H)" "$(XAFS_JJSlits_V)" "$(XAFS_JJSlits_H)" "$(XAFS_Amp1)" "$(XAFS_Amp2)" "$(XAFS_Amp3)" "$(XAFS_Amp4)"
#(1) Event-ID "BL1606-ID-1 Energy Setting" "$(EnergyFeedback)" "$(EnergyAchieved)" "Idiode" "I0" "I1" "I2" "$(kName)" "Delay between scans" "PCT for SR1"
# Background counts time=6.79039e-313(x .1 microseconds), 0, 0, 0, 0, 17166, 5.5, 18, 1.5, 3, 1e+09, 1e+06, 500000, 5e+07
1, 16966, 16966, 16966, 17654, 162625, 61556, 187772, 0, 1000, 186.982
1, 16976, 16976, 16976, 17511, 161011, 61050, 186395, 0, 1000, 186.977
1, 16986, 16986, 16986, 17406, 159558, 60612, 185195, 0, 1000, 186.968
1, 16996, 16996, 16996, 17312, 158668, 60381, 184649, 0, 1000, 186.963
1, 17006, 17006, 17006, 17256, 158045, 60242, 184367, 0, 1000, 186.958
1, 17016, 17016, 17016, 17218, 157422, 60110, 184074, 0, 1000, 186.952
1, 17026, 17026, 17026, 17226, 156921, 60015, 183892, 0, 1000, 186.947
1, 17036, 17036, 17036, 17141, 156400, 59909, 183708, 0, 1000, 186.94
1, 17046, 17046, 17046, 17107, 155862, 59789, 183469, 0, 1000, 186.934
1, 17056, 17056, 17056, 16968, 155394, 59683, 183255, 0, 1000, 186.929
1, 17066, 17066, 17066, 16947, 154833, 59531, 182929, 0, 1000, 186.923
1, 17076, 17076, 17076, 16808, 154408, 59434, 182761, 0, 1000, 186.919
1, 17086, 17086, 17086, 16860, 154017, 59315, 182517, 0, 1000, 186.912
1, 17096, 17096, 17096, 16842, 153448, 59115, 182028, 0, 1000, 186.906
1, 17106, 17106, 17106, 16832, 153083, 58943, 181623, 0, 1000, 186.901
1, 17116, 17116, 17116, 16793, 152714, 58694, 180988, 0, 1000, 186.895
1, 17126, 17126, 17126, 16662, 152255, 58263, 179834, 0, 1000, 186.891
1, 17126.5, 17126.5, 17126.5, 16734, 152261, 58240, 179776, 0, 1000, 186.884
1, 17127, 17127, 17127, 16671, 152194, 58195, 179662, 0, 1000, 186.88
1, 17127.5, 17127.5, 17127.5, 16702, 152059, 58128, 179458, 0, 1000, 186.877
1, 17128, 17128, 17128, 16716, 152020, 58092, 179329, 0, 1000, 186.873
1, 17128.5, 17128.5, 17128.5, 16753, 152038, 58080, 179329, 0, 1000, 186.866
1, 17129, 17129, 17129, 16694, 152048, 58056, 179260, 0, 1000, 186.864
1, 17129.5, 17129.5, 17129.5, 16703, 152013, 58023, 179155, 0, 1000, 186.858
1, 17130, 17130, 17130, 16753, 151995, 57991, 179058, 0, 1000, 186.857
1, 17130.5, 17130.5, 17130.5, 16648, 152047, 57984, 179054, 0, 1000, 186.853
1, 17131, 17131, 17131, 16697, 152008, 57942, 178932, 0, 1000, 186.846
1, 17131.5, 17131.5, 17131.5, 16675, 151966, 57900, 178801, 0, 1000, 186.843
1, 17132, 17132, 17132, 16758, 152178, 57951, 178956, 0, 1000, 186.839
1, 17132.5, 17132.5, 17132.5, 16701, 152136, 57900, 178802, 0, 1000, 186.835
1, 17133, 17133, 17133, 16732, 152055, 57836, 178632, 0, 1000, 186.829
1, 17133.5, 17133.5, 17133.5, 16702, 151868, 57740, 178343, 0, 1000, 186.825
1, 17134, 17134, 17134, 16617, 151879, 57701, 178246, 0, 1000, 186.823
1, 17134.5, 17134.5, 17134.5, 16700, 151869, 57654, 178124, 0, 1000, 186.817
1, 17135, 17135, 17135, 16722, 152028, 57671, 178154, 0, 1000, 186.813
1, 17135.5, 17135.5, 17135.5, 16697, 151941, 57598, 177975, 0, 1000, 186.808
1, 17136, 17136, 17136, 16672, 151924, 57555, 177852, 0, 1000, 186.804
1, 17136.5, 17136.5, 17136.5, 16637, 151840, 57479, 177600, 0, 1000, 186.802
1, 17137, 17137, 17137, 16649, 151790, 57417, 177454, 0, 1000, 186.795
1, 17137.5, 17137.5, 17137.5, 16672, 151787, 57364, 177281, 0, 1000, 186.793
1, 17138, 17138, 17138, 16629, 151726, 57288, 177068, 0, 1000, 186.788
1, 17138.5, 17138.5, 17138.5, 16673, 151686, 57221, 176868, 0, 1000, 186.785
1, 17139, 17139, 17139, 16696, 151722, 57182, 176757, 0, 1000, 186.78
1, 17139.5, 17139.5, 17139.5, 16672, 151639, 57087, 176511, 0, 1000, 186.775
1, 17140, 17140, 17140, 16674, 151670, 57043, 176372, 0, 1000, 186.773
1, 17140.5, 17140.5, 17140.5, 16662, 151695, 56990, 176223, 0, 1000, 186.768
1, 17141, 17141, 17141, 16618, 151633, 56897, 175939, 0, 1000, 186.763
1, 17141.5, 17141.5, 17141.5, 16662, 151555, 56791, 175633, 0, 1000, 186.76
1, 17142, 17142, 17142, 16624, 151561, 56721, 175434, 0, 1000, 186.754
1, 17142.5, 17142.5, 17142.5, 16630, 151478, 56608, 175128, 0, 1000, 186.752
1, 17143, 17143, 17143, 16690, 151323, 56469, 174700, 0, 1000, 186.746
1, 17143.5, 17143.5, 17143.5, 16641, 151419, 56388, 174469, 0, 1000, 186.74
1, 17144, 17144, 17144, 16652, 151436, 56315, 174248, 0, 1000, 186.739
1, 17144.5, 17144.5, 17144.5, 16601, 151428, 56226, 173986, 0, 1000, 186.734
1, 17145, 17145, 17145, 16621, 151393, 56111, 173657, 0, 1000, 186.73
1, 17145.5, 17145.5, 17145.5, 16613, 151381, 55993, 173303, 0, 1000, 186.726
1, 17146, 17146, 17146, 16615, 151293, 55838, 172870, 0, 1000, 186.722
1, 17146.5, 17146.5, 17146.5, 16655, 151293, 55708, 172473, 0, 1000, 186.717
1, 17147, 17147, 17147, 16659, 151257, 55575, 172096, 0, 1000, 186.712
1, 17147.5, 17147.5, 17147.5, 16668, 151234, 55429, 171676, 0, 1000, 186.709
1, 17148, 17148, 17148, 16618, 151240, 55278, 171221, 0, 1000, 186.704
1, 17148.5, 17148.5, 17148.5, 16621, 151195, 55096, 170697, 0, 1000, 186.701
1, 17149, 17149, 17149, 16595, 151206, 54920, 170177, 0, 1000, 186.695
1, 17149.5, 17149.5, 17149.5, 16601, 151125, 54697, 169531, 0, 1000, 186.691
1, 17150, 17150, 17150, 16627, 151121, 54498, 168942, 0, 1000, 186.689
1, 17150.5, 17150.5, 17150.5, 16668, 151096, 54257, 168260, 0, 1000, 186.683
1, 17151, 17151, 17151, 16596, 151082, 54006, 167508, 0, 1000, 186.681
1, 17151.5, 17151.5, 17151.5, 16561, 151074, 53752, 166738, 0, 1000, 186.676
1, 17152, 17152, 17152, 16582, 151017, 53450, 165852, 0, 1000, 186.67
1, 17152.5, 17152.5, 17152.5, 16617, 150978, 53112, 164851, 0, 1000, 186.666
1, 17153, 17153, 17153, 16567, 150998, 52790, 163909, 0, 1000, 186.663
1, 17153.5, 17153.5, 17153.5, 16686, 151248, 52508, 163079, 0, 1000, 186.661
1, 17154, 17154, 17154, 16632, 151183, 52080, 161833, 0, 1000, 186.656
1, 17154.5, 17154.5, 17154.5, 16578, 151153, 51629, 160480, 0, 1000, 186.649
1, 17155, 17155, 17155, 16659, 151200, 51160, 159146, 0, 1000, 186.647
1, 17155.5, 17155.5, 17155.5, 16607, 151191, 50646, 157628, 0, 1000, 186.642
1, 17156, 17156, 17156, 16557, 151203, 50093, 156011, 0, 1000, 186.64
1, 17156.5, 17156.5, 17156.5, 16637, 151085, 49465, 154168, 0, 1000, 186.635
1, 17157, 17157, 17157, 16588, 151035, 48827, 152269, 0, 1000, 186.63
1, 17157.5, 17157.5, 17157.5, 16619, 150992, 48107, 150173, 0, 1000, 186.628
1, 17158, 17158, 17158, 16642, 150997, 47387, 148035, 0, 1000, 186.622
1, 17158.5, 17158.5, 17158.5, 16617, 150977, 46610, 145758, 0, 1000, 186.616
1, 17159, 17159, 17159, 16541, 150953, 45734, 143200, 0, 1000, 186.614
1, 17159.5, 17159.5, 17159.5, 16612, 150900, 44817, 140515, 0, 1000, 186.609
1, 17160, 17160, 17160, 16600, 150847, 43883, 137763, 0, 1000, 186.607
1, 17160.5, 17160.5, 17160.5, 16577, 150726, 42811, 134629, 0, 1000, 186.601
1, 17161, 17161, 17161, 16547, 150736, 41734, 131460, 0, 1000, 186.598
1, 17161.5, 17161.5, 17161.5, 16552, 150736, 40628, 128218, 0, 1000, 186.594
1, 17162, 17162, 17162, 16564, 150742, 39488, 124864, 0, 1000, 186.587
1, 17162.5, 17162.5, 17162.5, 16588, 150674, 38219, 121149, 0, 1000, 186.585
1, 17163, 17163, 17163, 16505, 150637, 37002, 117578, 0, 1000, 186.58
1, 17163.5, 17163.5, 17163.5, 16534, 150582, 35750, 113917, 0, 1000, 186.574
1, 17164, 17164, 17164, 16470, 150578, 34488, 110218, 0, 1000, 186.572
1, 17164.5, 17164.5, 17164.5, 16581, 150529, 33225, 106533, 0, 1000, 186.567
1, 17165, 17165, 17165, 16581, 150453, 31999, 102947, 0, 1000, 186.565
1, 17165.5, 17165.5, 17165.5, 16482, 150402, 30792, 99439, 0, 1000, 186.56
1, 17166, 17166, 17166, 16504, 150351, 29643, 96099, 0, 1000, 186.555
1, 17166.5, 17166.5, 17166.5, 16537, 150396, 28596, 93035, 0.362262, 1000, 186.552
1, 17167, 17167, 17167, 16535, 150339, 27594, 90121, 0.512316, 1000, 186.546
1, 17167.5, 17167.5, 17167.5, 16523, 150287, 26773, 87740, 0.627456, 1000, 186.543
1, 17168, 17168, 17168, 16494, 150287, 25943, 85320, 0.724524, 1000, 186.538
1, 17168.5, 17168.5, 17168.5, 16597, 150285, 25216, 83216, 0.810042, 1000, 186.533
1, 17169, 17169, 17169, 16546, 150345, 24551, 81288, 0.887357, 1000, 186.53
1, 17169.5, 17169.5, 17169.5, 16533, 150365, 24036, 79787, 0.958455, 1000, 186.525
1, 17170, 17170, 17170, 16537, 150298, 23610, 78544, 1.02463, 1000, 186.522
1, 17170.5, 17170.5, 17170.5, 16548, 150198, 23280, 77596, 1.08679, 1000, 186.518
1, 17171, 17171, 17171, 16509, 150193, 23053, 76947, 1.14557, 1000, 186.513
1, 17171.5, 17171.5, 17171.5, 16552, 150160, 22921, 76566, 1.20149, 1000, 186.509
1, 17172, 17172, 17172, 16477, 150077, 22861, 76379, 1.25491, 1000, 186.504
1, 17172.5, 17172.5, 17172.5, 16492, 150090, 22891, 76486, 1.30615, 1000, 186.501
1, 17173, 17173, 17173, 16477, 150149, 22989, 76765, 1.35546, 1000, 186.495
1, 17173.5, 17173.5, 17173.5, 16444, 150196, 23127, 77161, 1.40303, 1000, 186.49
1, 17174, 17174, 17174, 16491, 150149, 23306, 77691, 1.44905, 1000, 186.488
1, 17174.5, 17174.5, 17174.5, 16476, 150163, 23502, 78247, 1.49364, 1000, 186.483
1, 17175, 17175, 17175, 16479, 150027, 23688, 78793, 1.53695, 1000, 186.478
1, 17175.5, 17175.5, 17175.5, 16533, 150016, 23902, 79420, 1.57906, 1000, 186.476
1, 17176, 17176, 17176, 16494, 149974, 24109, 80025, 1.62008, 1000, 186.471
1, 17176.5, 17176.5, 17176.5, 16481, 149938, 24297, 80564, 1.66009, 1000, 186.467
1, 17177, 17177, 17177, 16510, 149887, 24471, 81092, 1.69916, 1000, 186.461
1, 17177.5, 17177.5, 17177.5, 16472, 149849, 24629, 81538, 1.73735, 1000, 186.456
1, 17178, 17178, 17178, 16520, 149798, 24771, 81955, 1.77471, 1000, 186.455
1, 17178.5, 17178.5, 17178.5, 16542, 149750, 24891, 82308, 1.81131, 1000, 186.449
1, 17179, 17179, 17179, 16439, 149716, 25004, 82636, 1.84718, 1000, 186.447
1, 17179.5, 17179.5, 17179.5, 16448, 149667, 25094, 82897, 1.88237, 1000, 186.441
1, 17180, 17180, 17180, 16503, 149647, 25180, 83149, 1.91691, 1000, 186.435
1, 17180.5, 17180.5, 17180.5, 16495, 149617, 25247, 83341, 1.95084, 1000, 186.434
1, 17181, 17181, 17181, 16446, 149663, 25332, 83567, 1.98419, 1000, 186.428
1, 17181.5, 17181.5, 17181.5, 16443, 149606, 25398, 83777, 2.01699, 1000, 186.425
1, 17182, 17182, 17182, 16466, 149606, 25476, 84009, 2.04926, 1000, 186.421
1, 17182.5, 17182.5, 17182.5, 16468, 149710, 25568, 84275, 2.08104, 1000, 186.416
1, 17183, 17183, 17183, 16488, 149753, 25655, 84534, 2.11233, 1000, 186.414
1, 17183.5, 17183.5, 17183.5, 16466, 149778, 25747, 84802, 2.14317, 1000, 186.408
1, 17184, 17184, 17184, 16510, 149754, 25833, 85060, 2.17357, 1000, 186.405
1, 17184.5, 17184.5, 17184.5, 16426, 149680, 25917, 85293, 2.20355, 1000, 186.399
1, 17185, 17185, 17185, 16478, 149706, 26019, 85608, 2.23313, 1000, 186.395
1, 17185.5, 17185.5, 17185.5, 16535, 149729, 26135, 85946, 2.26232, 1000, 186.394
1, 17186, 17186, 17186, 16492, 149902, 26278, 86362, 2.29114, 1000, 186.388
1, 17186.5, 17186.5, 17186.5, 16482, 149783, 26369, 86644, 2.31961, 1000, 186.385
1, 17187, 17187, 17187, 16496, 149675, 26474, 86931, 2.34772, 1000, 186.379
1, 17187.5, 17187.5, 17187.5, 16468, 149529, 26572, 87223, 2.37551, 1000, 186.373
1, 17188, 17188, 17188, 16519, 149452, 26681, 87526, 2.40297, 1000, 186.371
1, 17188.5, 17188.5, 17188.5, 16436, 149477, 26810, 87935, 2.43013, 1000, 186.366
1, 17189, 17189, 17189, 16430, 149412, 26920, 88244, 2.45698, 1000, 186.363
1, 17189.5, 17189.5, 17189.5, 16397, 149416, 27045, 88627, 2.48354, 1000, 186.357
1, 17190, 17190, 17190, 16424, 149441, 27172, 89004, 2.50982, 1000, 186.353
1, 17190.5, 17190.5, 17190.5, 16483, 149312, 27273, 89283, 2.53583, 1000, 186.35
1, 17191, 17191, 17191, 16521, 149329, 27372, 89570, 2.56158, 1000, 186.345
1, 17191.5, 17191.5, 17191.5, 16433, 149240, 27459, 89848, 2.58707, 1000, 186.342
1, 17192, 17192, 17192, 16459, 149229, 27566, 90153, 2.61231, 1000, 186.337
1, 17192.5, 17192.5, 17192.5, 16397, 149168, 27653, 90401, 2.63731, 1000, 186.332
1, 17193, 17193, 17193, 16485, 149101, 27726, 90629, 2.66207, 1000, 186.329
1, 17193.5, 17193.5, 17193.5, 16469, 149135, 27822, 90908, 2.68661, 1000, 186.324
1, 17194, 17194, 17194, 16447, 149014, 27875, 91050, 2.71092, 1000, 186.319
1, 17194.5, 17194.5, 17194.5, 16368, 149049, 27948, 91269, 2.73502, 1000, 186.317
1, 17195, 17195, 17195, 16528, 149322, 28065, 91619, 2.7589, 1000, 186.311
1, 17195.5, 17195.5, 17195.5, 16418, 149141, 28081, 91652, 2.78259, 1000, 186.31
1, 17196, 17196, 17196, 16467, 149146, 28127, 91792, 2.80607, 1000, 186.304
1, 17196.5, 17196.5, 17196.5, 16438, 149382, 28206, 92037, 2.82935, 1000, 186.3
1, 17197, 17197, 17197, 16455, 149234, 28209, 92046, 2.85245, 1000, 186.297
1, 17197.5, 17197.5, 17197.5, 16496, 149260, 28239, 92137, 2.87536, 1000, 186.293
1, 17198, 17198, 17198, 16378, 149067, 28226, 92101, 2.89809, 1000, 186.29
1, 17198.5, 17198.5, 17198.5, 16421, 149024, 28232, 92118, 2.92065, 1000, 186.284
1, 17199, 17199, 17199, 16464, 148998, 28230, 92116, 2.94303, 1000, 186.281
1, 17199.5, 17199.5, 17199.5, 16458, 149223, 28270, 92231, 2.96524, 1000, 186.277
1, 17200, 17200, 17200, 16492, 149184, 28253, 92193, 2.98729, 1000, 186.271
1, 17200.5, 17200.5, 17200.5, 16506, 149173, 28246, 92166, 3.00917, 1000, 186.268
1, 17201, 17201, 17201, 16411, 148907, 28193, 92028, 3.0309, 1000, 186.263
1, 17201.5, 17201.5, 17201.5, 16430, 148916, 28182, 91985, 3.05247, 1000, 186.258
1, 17202, 17202, 17202, 16409, 148872, 28161, 91936, 3.07389, 1000, 186.255
1, 17202.5, 17202.5, 17202.5, 16378, 148890, 28144, 91904, 3.09517, 1000, 186.25
1, 17203, 17203, 17203, 16436, 148866, 28125, 91849, 3.11629, 1000, 186.248
1, 17203.5, 17203.5, 17203.5, 16420, 148834, 28101, 91793, 3.13728, 1000, 186.243
1, 17204, 17204, 17204, 16422, 148971, 28115, 91829, 3.15812, 1000, 186.237
1, 17204.5, 17204.5, 17204.5, 16389, 148957, 28098, 91760, 3.17883, 1000, 186.235
1, 17205, 17205, 17205, 16366, 148941, 28081, 91721, 3.19941, 1000, 186.229
1, 17205.5, 17205.5, 17205.5, 16370, 148841, 28043, 91611, 3.21985, 1000, 186.228
1, 17206, 17206, 17206, 16449, 148887, 28039, 91620, 3.24017, 1000, 186.224
1, 17206.5, 17206.5, 17206.5, 16418, 148858, 28028, 91600, 3.26036, 1000, 186.219
1, 17207, 17207, 17207, 16376, 148669, 27998, 91491, 3.28042, 1000, 186.215
1, 17207.5, 17207.5, 17207.5, 16382, 148528, 27982, 91453, 3.30036, 1000, 186.209
1, 17208, 17208, 17208, 16387, 148525, 27992, 91476, 3.32018, 1000, 186.206
1, 17208.5, 17208.5, 17208.5, 16383, 148598, 28018, 91555, 3.33989, 1000, 186.203
1, 17209, 17209, 17209, 16373, 148620, 28036, 91620, 3.35948, 1000, 186.197
1, 17209.5, 17209.5, 17209.5, 16435, 148557, 28043, 91641, 3.37895, 1000, 186.194
1, 17210, 17210, 17210, 16394, 148548, 28072, 91717, 3.39832, 1000, 186.189
1, 17210.5, 17210.5, 17210.5, 16395, 148703, 28130, 91889, 3.41757, 1000, 186.186
1, 17211, 17211, 17211, 16389, 148723, 28173, 92049, 3.43672, 1000, 186.181
1, 17211.5, 17211.5, 17211.5, 16359, 148703, 28214, 92156, 3.45576, 1000, 186.175
1, 17212, 17212, 17212, 16359, 148685, 28260, 92283, 3.47469, 1000, 186.172
1, 17212.5, 17212.5, 17212.5, 16406, 148685, 28312, 92442, 3.49353, 1000, 186.167
1, 17213, 17213, 17213, 16367, 148641, 28354, 92563, 3.51226, 1000, 186.165
1, 17213.5, 17213.5, 17213.5, 16323, 148473, 28381, 92636, 3.53089, 1000, 186.159
1, 17214, 17214, 17214, 16430, 148483, 28446, 92829, 3.54943, 1000, 186.155
1, 17214.5, 17214.5, 17214.5, 16386, 148522, 28510, 93026, 3.56786, 1000, 186.152
1, 17215, 17215, 17215, 16350, 148656, 28580, 93229, 3.58621, 1000, 186.147
1, 17215.5, 17215.5, 17215.5, 16407, 148656, 28645, 93401, 3.60446, 1000, 186.145
1, 17216, 17216, 17216, 16411, 148623, 28701, 93585, 3.62262, 1000, 186.138
1, 17217, 17217, 17217, 16393, 148593, 28821, 93951, 3.65866, 1000, 186.133
1, 17218, 17218, 17218, 16433, 148511, 28925, 94262, 3.69436, 1000, 186.131
1, 17219, 17219, 17219, 16360, 148413, 29022, 94560, 3.72971, 1000, 186.125
1, 17220, 17220, 17220, 16401, 148418, 29132, 94858, 3.76473, 1000, 186.12
1, 17221, 17221, 17221, 16441, 148379, 29216, 95119, 3.79943, 1000, 186.118
1, 17222, 17222, 17222, 16413, 148297, 29281, 95315, 3.83382, 1000, 186.114
1, 17223, 17223, 17223, 16370, 148094, 29323, 95446, 3.8679, 1000, 186.108
1, 17224, 17224, 17224, 16339, 148045, 29373, 95604, 3.90168, 1000, 186.103
1, 17225, 17225, 17225, 16357, 148113, 29438, 95799, 3.93517, 1000, 186.1
1, 17226, 17226, 17226, 16364, 147998, 29445, 95822, 3.96838, 1000, 186.095
1, 17227, 17227, 17227, 16263, 147953, 29452, 95849, 4.00131, 1000, 186.091
1, 17228, 17228, 17228, 16355, 147937, 29474, 95936, 4.03398, 1000, 186.088
1, 17229, 17229, 17229, 16397, 147919, 29481, 95951, 4.06638, 1000, 186.083
1, 17230, 17230, 17230, 16345, 147852, 29467, 95920, 4.09852, 1000, 186.077
1, 17231, 17231, 17231, 16346, 147841, 29457, 95872, 4.13042, 1000, 186.072
1, 17232, 17232, 17232, 16290, 147827, 29438, 95831, 4.16207, 1000, 186.07
1, 17233, 17233, 17233, 16311, 147740, 29404, 95740, 4.19348, 1000, 186.064
1, 17234, 17234, 17234, 16334, 147634, 29363, 95630, 4.22466, 1000, 186.06
1, 17235, 17235, 17235, 16297, 147644, 29347, 95579, 4.25561, 1000, 186.057
1, 17236, 17236, 17236, 16318, 147666, 29330, 95528, 4.28634, 1000, 186.051
1, 17237, 17237, 17237, 16322, 147689, 29309, 95477, 4.31685, 1000, 186.047
1, 17238, 17238, 17238, 16325, 147617, 29267, 95361, 4.34714, 1000, 186.044
1, 17239, 17239, 17239, 16287, 147619, 29239, 95281, 4.37723, 1000, 186.039
1, 17240, 17240, 17240, 16299, 147524, 29198, 95160, 4.4071, 1000, 186.033
1, 17241, 17241, 17241, 16296, 147558, 29175, 95098, 4.43678, 1000, 186.027
1, 17242, 17242, 17242, 16330, 147449, 29121, 94952, 4.46626, 1000, 186.025
1, 17243, 17243, 17243, 16348, 147420, 29082, 94843, 4.49555, 1000, 186.02
1, 17244, 17244, 17244, 16297, 147326, 29030, 94688, 4.52465, 1000, 186.014
1, 17245, 17245, 17245, 16232, 147336, 28998, 94605, 4.55356, 1000, 186.011
1, 17246, 17246, 17246, 16306, 147327, 28954, 94480, 4.58229, 1000, 186.008
1, 17247, 17247, 17247, 16305, 147302, 28907, 94362, 4.61084, 1000, 186.003
1, 17248, 17248, 17248, 16273, 147235, 28850, 94188, 4.63921, 1000, 186
1, 17249, 17249, 17249, 16240, 147053, 28776, 93980, 4.66742, 1000, 185.994
1, 17250, 17250, 17250, 16268, 147046, 28734, 93852, 4.69545, 1000, 185.989
1, 17251, 17251, 17251, 16229, 146951, 28666, 93661, 4.72332, 1000, 185.987
1, 17252, 17252, 17252, 16214, 146981, 28624, 93534, 4.75102, 1000, 185.982
1, 17253, 17253, 17253, 16264, 146950, 28568, 93386, 4.77856, 1000, 185.977
1, 17254, 17254, 17254, 16252, 146957, 28513, 93230, 4.80595, 1000, 185.971
1, 17255, 17255, 17255, 16265, 147047, 28478, 93151, 4.83317, 1000, 185.968
1, 17256, 17256, 17256, 16298, 147044, 28430, 93001, 4.86025, 1000, 185.964
1, 17257, 17257, 17257, 16262, 147083, 28388, 92891, 4.88718, 1000, 185.957
1, 17258, 17258, 17258, 16311, 147076, 28345, 92762, 4.91396, 1000, 185.954
1, 17259, 17259, 17259, 16176, 146991, 28289, 92591, 4.94059, 1000, 185.949
1, 17260, 17260, 17260, 16280, 146819, 28228, 92426, 4.96708, 1000, 185.944
1, 17261, 17261, 17261, 16215, 146707, 28180, 92277, 4.99343, 1000, 185.94
1, 17262, 17262, 17262, 16259, 146684, 28150, 92202, 5.01965, 1000, 185.937
1, 17263, 17263, 17263, 16253, 146673, 28127, 92129, 5.04572, 1000, 185.931
1, 17264, 17264, 17264, 16264, 146622, 28103, 92080, 5.07166, 1000, 185.926
1, 17265, 17265, 17265, 16242, 146546, 28080, 92019, 5.09748, 1000, 185.924
1, 17266, 17266, 17266, 16222, 146652, 28090, 92042, 5.12316, 1000, 185.917
1, 17267, 17267, 17267, 16245, 146630, 28086, 92042, 5.14871, 1000, 185.914
1, 17268, 17268, 17268, 16203, 146588, 28084, 92037, 5.17413, 1000, 185.911
1, 17269, 17269, 17269, 16252, 146455, 28073, 92012, 5.19943, 1000, 185.907
1, 17270, 17270, 17270, 16288, 146379, 28071, 92010, 5.22461, 1000, 185.901
1, 17271, 17271, 17271, 16261, 146302, 28071, 92022, 5.24967, 1000, 185.895
1, 17272, 17272, 17272, 16192, 146234, 28076, 92032, 5.27461, 1000, 185.893
1, 17273, 17273, 17273, 16183, 146162, 28074, 92028, 5.29943, 1000, 185.888
1, 17274, 17274, 17274, 16208, 146163, 28098, 92105, 5.32414, 1000, 185.881
1, 17275, 17275, 17275, 16211, 146080, 28104, 92132, 5.34873, 1000, 185.88
1, 17276, 17276, 17276, 16225, 146067, 28125, 92196, 5.37321, 1000, 185.874
1, 17277, 17277, 17277, 16249, 146019, 28138, 92256, 5.39758, 1000, 185.87
1, 17278, 17278, 17278, 16098, 146061, 28168, 92334, 5.42184, 1000, 185.868
1, 17279, 17279, 17279, 16129, 145967, 28183, 92369, 5.44599, 1000, 185.863
1, 17280, 17280, 17280, 16169, 146009, 28223, 92517, 5.47003, 1000, 185.857
1, 17281, 17281, 17281, 16270, 146114, 28274, 92655, 5.49397, 1000, 185.852
1, 17282, 17282, 17282, 16268, 146032, 28295, 92722, 5.51781, 1000, 185.85
1, 17283, 17283, 17283, 16219, 145821, 28292, 92731, 5.54154, 1000, 185.844
1, 17284, 17284, 17284, 16190, 145626, 28294, 92743, 5.56517, 1000, 185.838
1, 17285, 17285, 17285, 16117, 145569, 28317, 92811, 5.5887, 1000, 185.836
1, 17286, 17286, 17286, 16207, 145573, 28359, 92929, 5.61214, 1000, 185.831
1, 17287, 17287, 17287, 16193, 145542, 28392, 93041, 5.63547, 1000, 185.825
1, 17288, 17288, 17288, 16138, 145535, 28427, 93144, 5.65871, 1000, 185.821
1, 17289, 17289, 17289, 16148, 145494, 28453, 93231, 5.68185, 1000, 185.817
1, 17290, 17290, 17290, 16256, 145548, 28497, 93355, 5.7049, 1000, 185.812
1, 17291, 17291, 17291, 16146, 145478, 28521, 93440, 5.72786, 1000, 185.805
1, 17292, 17292, 17292, 16159, 145431, 28551, 93532, 5.75073, 1000, 185.803
1, 17293, 17293, 17293, 16165, 145437, 28585, 93640, 5.7735, 1000, 185.797
1, 17294, 17294, 17294, 16154, 145335, 28600, 93689, 5.79619, 1000, 185.793
1, 17295, 17295, 17295, 16157, 145257, 28618, 93736, 5.81879, 1000, 185.791
1, 17296, 17296, 17296, 16178, 145184, 28637, 93801, 5.8413, 1000, 185.786
1, 17297, 17297, 17297, 16240, 145193, 28663, 93889, 5.86372, 1000, 185.781
1, 17298, 17298, 17298, 16184, 145031, 28673, 93923, 5.88606, 1000, 185.778
1, 17299, 17299, 17299, 16147, 144946, 28686, 93949, 5.90831, 1000, 185.773
1, 17300, 17300, 17300, 16148, 144971, 28718, 94065, 5.93048, 1000, 185.767
1, 17301, 17301, 17301, 16159, 145025, 28755, 94172, 5.95257, 1000, 185.762
1, 17302, 17302, 17302, 16080, 145000, 28776, 94249, 5.97457, 1000, 185.76
1, 17303, 17303, 17303, 16132, 144994, 28800, 94317, 5.9965, 1000, 185.754
1, 17304, 17304, 17304, 16122, 144851, 28794, 94308, 6.01834, 1000, 185.75
1, 17305, 17305, 17305, 16158, 144870, 28821, 94389, 6.04011, 1000, 185.748
1, 17306, 17306, 17306, 16081, 144815, 28830, 94413, 6.0618, 1000, 185.741
1, 17307, 17307, 17307, 16100, 144901, 28856, 94499, 6.08341, 1000, 185.737
1, 17308, 17308, 17308, 16115, 144845, 28864, 94525, 6.10494, 1000, 185.734
1, 17309, 17309, 17309, 16126, 144819, 28866, 94538, 6.1264, 1000, 185.729
1, 17310, 17310, 17310, 16098, 144789, 28879, 94572, 6.14779, 1000, 185.724
1, 17311, 17311, 17311, 16165, 144766, 28886, 94611, 6.1691, 1000, 185.721
1, 17312, 17312, 17312, 16148, 144613, 28872, 94591, 6.19033, 1000, 185.715
1, 17313, 17313, 17313, 16196, 144412, 28845, 94503, 6.2115, 1000, 185.711
1, 17314, 17314, 17314, 16119, 144427, 28852, 94529, 6.23259, 1000, 185.706
1, 17315, 17315, 17315, 16141, 144203, 28822, 94440, 6.25361, 1000, 185.703
1, 17316, 17316, 17316, 16098, 144050, 28798, 94381, 6.27456, 1000, 185.697
1, 17317, 17317, 17317, 16031, 144023, 28799, 94383, 6.29544, 1000, 185.693
1, 17318, 17318, 17318, 16130, 144244, 28844, 94525, 6.31625, 1000, 185.691
1, 17319, 17319, 17319, 16111, 144252, 28850, 94547, 6.33699, 1000, 185.686
1, 17320, 17320, 17320, 16108, 144198, 28844, 94529, 6.35767, 1000, 185.68
1, 17321, 17321, 17321, 16097, 143981, 28803, 94419, 6.37828, 1000, 185.679
1, 17322, 17322, 17322, 16082, 143949, 28797, 94393, 6.39882, 1000, 185.673
1, 17323, 17323, 17323, 16071, 143921, 28788, 94374, 6.4193, 1000, 185.667
1, 17324, 17324, 17324, 16169, 144297, 28847, 94566, 6.43971, 1000, 185.663
1, 17325, 17325, 17325, 16115, 144202, 28823, 94506, 6.46005, 1000, 185.66
1, 17326, 17326, 17326, 16148, 144152, 28811, 94462, 6.48034, 1000, 185.656
1, 17327, 17327, 17327, 16144, 143958, 28774, 94359, 6.50056, 1000, 185.65
1, 17328, 17328, 17328, 16097, 143911, 28762, 94335, 6.52071, 1000, 185.647
1, 17329, 17329, 17329, 16103, 143887, 28754, 94299, 6.54081, 1000, 185.642
1, 17330, 17330, 17330, 16148, 143794, 28730, 94240, 6.56084, 1000, 185.637
1, 17331, 17331, 17331, 16118, 143779, 28718, 94221, 6.58081, 1000, 185.634
1, 17332, 17332, 17332, 16088, 143749, 28704, 94182, 6.60072, 1000, 185.628
1, 17333, 17333, 17333, 16092, 143730, 28696, 94158, 6.62058, 1000, 185.623
1, 17334, 17334, 17334, 16055, 143702, 28682, 94131, 6.64037, 1000, 185.617
1, 17335, 17335, 17335, 16133, 143642, 28663, 94082, 6.6601, 1000, 185.615
1, 17336, 17336, 17336, 16155, 143608, 28654, 94039, 6.67978, 1000, 185.609
1, 17337, 17337, 17337, 16119, 143656, 28663, 94085, 6.69939, 1000, 185.605
1, 17338, 17338, 17338, 16124, 143574, 28643, 94020, 6.71896, 1000, 185.602
1, 17339, 17339, 17339, 16054, 143588, 28645, 94026, 6.73846, 1000, 185.597
1, 17340, 17340, 17340, 16057, 143552, 28636, 93998, 6.75791, 1000, 185.593
1, 17341, 17341, 17341, 16096, 143594, 28644, 94024, 6.7773, 1000, 185.59
1, 17342, 17342, 17342, 16070, 143647, 28649, 94056, 6.79663, 1000, 185.586
1, 17343, 17343, 17343, 16117, 143669, 28656, 94080, 6.81591, 1000, 185.58
1, 17344, 17344, 17344, 16058, 143597, 28641, 94026, 6.83514, 1000, 185.575
1, 17345, 17345, 17345, 16112, 143562, 28635, 94029, 6.85431, 1000, 185.572
1, 17346, 17346, 17346, 16111, 143554, 28635, 94031, 6.87343, 1000, 185.567
1, 17347, 17347, 17347, 16131, 143494, 28623, 93996, 6.8925, 1000, 185.562
1, 17348, 17348, 17348, 16091, 143485, 28622, 94003, 6.91151, 1000, 185.559
1, 17349, 17349, 17349, 16099, 143475, 28624, 94022, 6.93048, 1000, 185.554
1, 17350, 17350, 17350, 16057, 143423, 28613, 93984, 6.94939, 1000, 185.549
1, 17351, 17351, 17351, 16092, 143451, 28620, 94011, 6.96824, 1000, 185.546
1, 17352, 17352, 17352, 16071, 143340, 28596, 93934, 6.98705, 1000, 185.542
1, 17353, 17353, 17353, 16120, 143296, 28583, 93916, 7.00581, 1000, 185.537
1, 17354, 17354, 17354, 16115, 143304, 28587, 93926, 7.02452, 1000, 185.534
1, 17355, 17355, 17355, 16109, 143223, 28573, 93893, 7.04317, 1000, 185.528
1, 17356, 17356, 17356, 16120, 143213, 28572, 93891, 7.06178, 1000, 185.524
1, 17357, 17357, 17357, 16079, 143184, 28567, 93889, 7.08034, 1000, 185.519
1, 17358, 17358, 17358, 16065, 143193, 28568, 93886, 7.09885, 1000, 185.517
1, 17359, 17359, 17359, 16139, 143107, 28551, 93835, 7.11731, 1000, 185.51
1, 17360, 17360, 17360, 16088, 143083, 28547, 93845, 7.13573, 1000, 185.506
1, 17361, 17361, 17361, 16131, 143001, 28531, 93795, 7.1541, 1000, 185.503
1, 17362, 17362, 17362, 16066, 143020, 28533, 93823, 7.17242, 1000, 185.497
1, 17363, 17363, 17363, 16114, 143019, 28534, 93845, 7.19069, 1000, 185.492
1, 17364, 17364, 17364, 16071, 142943, 28525, 93806, 7.20892, 1000, 185.487
1, 17365, 17365, 17365, 16122, 142874, 28513, 93772, 7.2271, 1000, 185.485
1, 17366, 17366, 17366, 16087, 142798, 28497, 93729, 7.24524, 1000, 185.479
1, 17367, 17367, 17367, 16025, 142790, 28496, 93718, 7.26333, 1000, 185.475
1, 17368, 17368, 17368, 16050, 142702, 28477, 93673, 7.28137, 1000, 185.472
1, 17369, 17369, 17369, 16033, 142664, 28471, 93635, 7.29937, 1000, 185.468
1, 17370, 17370, 17370, 16099, 142724, 28477, 93653, 7.31733, 1000, 185.462
1, 17371, 17371, 17371, 16048, 142773, 28484, 93703, 7.33524, 1000, 185.459
1, 17372, 17372, 17372, 16113, 142705, 28474, 93661, 7.35311, 1000, 185.454
1, 17373, 17373, 17373, 16077, 142631, 28460, 93638, 7.37094, 1000, 185.449
1, 17374, 17374, 17374, 16075, 142579, 28451, 93622, 7.38872, 1000, 185.443
1, 17375, 17375, 17375, 16054, 142491, 28435, 93581, 7.40646, 1000, 185.441
1, 17376, 17376, 17376, 16009, 142266, 28397, 93476, 7.42416, 1000, 185.436
1, 17377, 17377, 17377, 16096, 142275, 28401, 93482, 7.44181, 1000, 185.431
1, 17378, 17378, 17378, 16033, 142243, 28399, 93469, 7.45943, 1000, 185.429
1, 17379, 17379, 17379, 16063, 142378, 28421, 93550, 7.477, 1000, 185.423
1, 17380, 17380, 17380, 16080, 142357, 28417, 93547, 7.49453, 1000, 185.418
1, 17381, 17381, 17381, 16065, 142393, 28429, 93592, 7.51202, 1000, 185.415
1, 17382, 17382, 17382, 15992, 142306, 28411, 93546, 7.52947, 1000, 185.41
1, 17383, 17383, 17383, 16060, 142243, 28403, 93536, 7.54688, 1000, 185.404
1, 17384, 17384, 17384, 16122, 142188, 28398, 93505, 7.56425, 1000, 185.4
1, 17385, 17385, 17385, 16038, 141994, 28372, 93435, 7.58158, 1000, 185.398
1, 17386, 17386, 17386, 16083, 141974, 28375, 93437, 7.59887, 1000, 185.393
1, 17387, 17387, 17387, 16053, 141937, 28375, 93456, 7.61612, 1000, 185.388
1, 17388, 17388, 17388, 16067, 141912, 28379, 93452, 7.63333, 1000, 185.385
1, 17389, 17389, 17389, 16025, 141890, 28381, 93488, 7.6505, 1000, 185.379
1, 17390, 17390, 17390, 16062, 141883, 28389, 93510, 7.66764, 1000, 185.375
1, 17391, 17391, 17391, 16057, 141825, 28389, 93499, 7.68473, 1000, 185.373
1, 17392, 17392, 17392, 16127, 141768, 28388, 93516, 7.70179, 1000, 185.368
1, 17393, 17393, 17393, 16045, 141730, 28391, 93523, 7.71881, 1000, 185.362
1, 17394, 17394, 17394, 16082, 141786, 28419, 93606, 7.73579, 1000, 185.357
1, 17395, 17395, 17395, 16092, 141725, 28417, 93609, 7.75274, 1000, 185.355
1, 17396, 17396, 17396, 16070, 141647, 28411, 93594, 7.76965, 1000, 185.349
1, 17397, 17397, 17397, 16061, 141619, 28411, 93604, 7.78652, 1000, 185.343
1, 17398, 17398, 17398, 16009, 141501, 28401, 93587, 7.80336, 1000, 185.342
1, 17399, 17399, 17399, 16057, 141619, 28436, 93686, 7.82016, 1000, 185.336
1, 17400, 17400, 17400, 16047, 141548, 28436, 93694, 7.83692, 1000, 185.33
1, 17403, 17403, 17403, 32065, 282885, 56912, 187516, 7.887, 2000, 185.322
1, 17406, 17406, 17406, 32142, 282697, 56947, 187703, 7.93676, 2000, 185.315
1, 17409, 17409, 17409, 32007, 282425, 56974, 187820, 7.98621, 2000, 185.31
1, 17412, 17412, 17412, 32149, 282200, 57005, 187914, 8.03535, 2000, 185.302
1, 17415, 17415, 17415, 32043, 281900, 57012, 187956, 8.0842, 2000, 185.296
1, 17418, 17418, 17418, 32042, 281895, 57063, 188125, 8.13276, 2000, 185.287
1, 17421, 17421, 17421, 32066, 281949, 57117, 188301, 8.18102, 2000, 185.279
1, 17424, 17424, 17424, 32151, 281849, 57143, 188420, 8.22901, 2000, 185.27
1, 17427, 17427, 17427, 32075, 281698, 57157, 188500, 8.27671, 2000, 185.264
1, 17430, 17430, 17430, 32149, 281094, 57084, 188305, 8.32414, 2000, 185.255
1, 17433, 17433, 17433, 32121, 280769, 57058, 188267, 8.3713, 2000, 185.246
1, 17436, 17436, 17436, 32032, 280533, 57056, 188275, 8.4182, 2000, 185.242
1, 17439, 17439, 17439, 32122, 279930, 56994, 188145, 8.46484, 2000, 185.234
1, 17442, 17442, 17442, 32072, 279543, 56992, 188142, 8.51122, 2000, 185.227
1, 17445, 17445, 17445, 32098, 279879, 57093, 188493, 8.55736, 2000, 185.22
1, 17448, 17448, 17448, 32155, 279770, 57125, 188609, 8.60324, 2000, 185.212
1, 17451, 17451, 17451, 32193, 279443, 57131, 188625, 8.64888, 2000, 185.204
1, 17454, 17454, 17454, 32230, 279171, 57113, 188636, 8.69428, 2000, 185.196
1, 17457, 17457, 17457, 32174, 279053, 57123, 188690, 8.73945, 2000, 185.189
1, 17460, 17460, 17460, 32037, 278629, 57078, 188596, 8.78438, 2000, 185.181
1, 17463, 17463, 17463, 32063, 278541, 57101, 188651, 8.82909, 2000, 185.173
1, 17466, 17466, 17466, 32127, 278278, 57073, 188619, 8.87357, 2000, 185.169
1, 17469, 17469, 17469, 32171, 278225, 57083, 188632, 8.91782, 2000, 185.16
1, 17472, 17472, 17472, 32266, 278456, 57132, 188832, 8.96186, 2000, 185.151
1, 17475, 17475, 17475, 32237, 278326, 57120, 188836, 9.00568, 2000, 185.145
1, 17478, 17478, 17478, 32153, 278156, 57095, 188778, 9.0493, 2000, 185.136
1, 17481, 17481, 17481, 32145, 277887, 57051, 188711, 9.0927, 2000, 185.129
1, 17484, 17484, 17484, 32176, 277571, 56993, 188568, 9.13589, 2000, 185.121
1, 17487, 17487, 17487, 32068, 277416, 56975, 188530, 9.17889, 2000, 185.118
1, 17490, 17490, 17490, 32078, 277039, 56922, 188429, 9.22168, 2000, 185.108
1, 17493, 17493, 17493, 32080, 276501, 56829, 188147, 9.26427, 2000, 185.102
1, 17496, 17496, 17496, 32033, 276190, 56792, 188077, 9.30667, 2000, 185.093
1, 17499, 17499, 17499, 32012, 275941, 56785, 188099, 9.34888, 2000, 185.086
1, 17502, 17502, 17502, 32061, 276341, 56876, 188377, 9.3909, 2000, 185.078
1, 17505, 17505, 17505, 32061, 276231, 56889, 188452, 9.43273, 2000, 185.073
1, 17508, 17508, 17508, 32119, 276015, 56880, 188455, 9.47437, 2000, 185.065
1, 17511, 17511, 17511, 32053, 275647, 56854, 188381, 9.51584, 2000, 185.057
1, 17514, 17514, 17514, 32058, 275186, 56806, 188281, 9.55712, 2000, 185.048
1, 17517, 17517, 17517, 32245, 275360, 56876, 188539, 9.59823, 2000, 185.042
1, 17520, 17520, 17520, 32176, 275291, 56899, 188592, 9.63916, 2000, 185.034
1, 17523, 17523, 17523, 32086, 274431, 56789, 188306, 9.67992, 2000, 185.03
1, 17526, 17526, 17526, 32055, 274297, 56796, 188323, 9.7205, 2000, 185.022
1, 17529, 17529, 17529, 32113, 274733, 56898, 188666, 9.76092, 2000, 185.015
1, 17532, 17532, 17532, 32138, 274227, 56832, 188530, 9.80117, 2000, 185.006
1, 17535, 17535, 17535, 32127, 273857, 56799, 188463, 9.84126, 2000, 184.999
1, 17538, 17538, 17538, 32087, 273635, 56791, 188425, 9.88118, 2000, 184.994
1, 17541, 17541, 17541, 32060, 273307, 56762, 188386, 9.92095, 2000, 184.987
1, 17544, 17544, 17544, 32009, 273232, 56782, 188483, 9.96055, 2000, 184.979
1, 17547, 17547, 17547, 31895, 273144, 56804, 188568, 10, 2000, 184.97
1, 17550, 17550, 17550, 31914, 272912, 56799, 188595, 10.0393, 2000, 184.962
1, 17553, 17553, 17553, 31944, 272903, 56848, 188748, 10.0784, 2000, 184.958
1, 17556, 17556, 17556, 32061, 272745, 56873, 188837, 10.1174, 2000, 184.949
1, 17559, 17559, 17559, 31932, 272390, 56843, 188770, 10.1563, 2000, 184.942
1, 17562, 17562, 17562, 31916, 272108, 56830, 188764, 10.195, 2000, 184.935
1, 17565, 17565, 17565, 31934, 271977, 56850, 188858, 10.2335, 2000, 184.927
1, 17568, 17568, 17568, 31937, 271749, 56853, 188904, 10.2719, 2000, 184.922
1, 17571, 17571, 17571, 31947, 271506, 56854, 188929, 10.3102, 2000, 184.915
1, 17574, 17574, 17574, 31911, 271324, 56867, 188986, 10.3483, 2000, 184.906
1, 17577, 17577, 17577, 32004, 271195, 56876, 189057, 10.3862, 2000, 184.898
1, 17580, 17580, 17580, 31973, 271226, 56913, 189132, 10.4241, 2000, 184.89
1, 17583, 17583, 17583, 32129, 271114, 56924, 189229, 10.4618, 2000, 184.885
1, 17586, 17586, 17586, 31999, 270794, 56898, 189197, 10.4993, 2000, 184.878
1, 17589, 17589, 17589, 32072, 270653, 56897, 189221, 10.5368, 2000, 184.87
1, 17592, 17592, 17592, 32066, 270695, 56935, 189362, 10.5741, 2000, 184.863
1, 17595, 17595, 17595, 31984, 270494, 56928, 189353, 10.6112, 2000, 184.854
1, 17598, 17598, 17598, 31950, 270042, 56864, 189189, 10.6483, 2000, 184.848
1, 17601, 17601, 17601, 31988, 269875, 56867, 189219, 10.6852, 2000, 184.841
1, 17604, 17604, 17604, 31961, 269656, 56850, 189234, 10.722, 2000, 184.835
1, 17607, 17607, 17607, 32057, 269457, 56849, 189242, 10.7586, 2000, 184.827
1, 17610, 17610, 17610, 31951, 269259, 56840, 189224, 10.7952, 2000, 184.818
1, 17613, 17613, 17613, 31902, 269061, 56841, 189271, 10.8316, 2000, 184.811
1, 17616, 17616, 17616, 31839, 268902, 56846, 189318, 10.8679, 2000, 184.806
1, 17619, 17619, 17619, 31934, 268685, 56836, 189297, 10.904, 2000, 184.798
1, 17622, 17622, 17622, 31901, 268406, 56811, 189261, 10.9401, 2000, 184.791
1, 17625, 17625, 17625, 31951, 268135, 56786, 189212, 10.976, 2000, 184.783
1, 17628, 17628, 17628, 31939, 267848, 56775, 189201, 11.0118, 2000, 184.775
1, 17631, 17631, 17631, 31893, 267715, 56796, 189271, 11.0475, 2000, 184.77
1, 17634, 17634, 17634, 31914, 267686, 56798, 189307, 11.0831, 2000, 184.762
1, 17637, 17637, 17637, 31964, 267681, 56827, 189450, 11.1185, 2000, 184.755
1, 17640, 17640, 17640, 31923, 267588, 56835, 189487, 11.1539, 2000, 184.747
1, 17643, 17643, 17643, 31919, 267452, 56848, 189565, 11.1891, 2000, 184.739
1, 17646, 17646, 17646, 31843, 267251, 56839, 189546, 11.2243, 2000, 184.735
1, 17649, 17649, 17649, 31773, 266553, 56769, 189376, 11.2593, 2000, 184.727
1, 17652, 17652, 17652, 31823, 266126, 56716, 189217, 11.2942, 2000, 184.72
1, 17655, 17655, 17655, 31834, 265848, 56691, 189185, 11.329, 2000, 184.713
1, 17658, 17658, 17658, 31725, 265757, 56708, 189281, 11.3637, 2000, 184.705
1, 17661, 17661, 17661, 31786, 265587, 56707, 189289, 11.3983, 2000, 184.7
1, 17664, 17664, 17664, 31791, 265448, 56705, 189297, 11.4328, 2000, 184.693
1, 17667, 17667, 17667, 31719, 265345, 56721, 189345, 11.4672, 2000, 184.684
1, 17670, 17670, 17670, 31777, 265257, 56738, 189456, 11.5015, 2000, 184.677
1, 17673, 17673, 17673, 31727, 265120, 56742, 189492, 11.5356, 2000, 184.67
1, 17676, 17676, 17676, 31769, 265352, 56802, 189699, 11.5697, 2000, 184.664
1, 17679, 17679, 17679, 31771, 265096, 56785, 189663, 11.6037, 2000, 184.657
1, 17682, 17682, 17682, 31669, 264622, 56720, 189502, 11.6376, 2000, 184.647
1, 17685, 17685, 17685, 31598, 264729, 56759, 189644, 11.6714, 2000, 184.641
1, 17688, 17688, 17688, 31587, 264678, 56768, 189704, 11.705, 2000, 184.632
1, 17691, 17691, 17691, 31645, 264301, 56714, 189583, 11.7386, 2000, 184.624
1, 17694, 17694, 17694, 31595, 264149, 56721, 189615, 11.7721, 2000, 184.62
1, 17697, 17697, 17697, 31533, 263475, 56641, 189395, 11.8055, 2000, 184.611
1, 17700, 17700, 17700, 31570, 263524, 56689, 189562, 11.8388, 2000, 184.604
1, 17705, 17705, 17705, 47313, 395204, 85095, 284609, 11.8941, 3000, 184.594
1, 17710, 17710, 17710, 47321, 394791, 85095, 284657, 11.9491, 3000, 184.585
1, 17715, 17715, 17715, 47322, 394276, 85099, 284758, 12.0039, 3000, 184.574
1, 17720, 17720, 17720, 47186, 393247, 84996, 284492, 12.0585, 3000, 184.565
1, 17725, 17725, 17725, 47190, 392653, 84972, 284486, 12.1128, 3000, 184.553
1, 17730, 17730, 17730, 47276, 392232, 85004, 284630, 12.1668, 3000, 184.543
1, 17735, 17735, 17735, 46996, 391657, 84964, 284578, 12.2206, 3000, 184.534
1, 17740, 17740, 17740, 46898, 390948, 84927, 284508, 12.2742, 3000, 184.523
1, 17745, 17745, 17745, 46832, 390618, 84955, 284645, 12.3276, 3000, 184.514
1, 17750, 17750, 17750, 46904, 390154, 84933, 284637, 12.3807, 3000, 184.503
1, 17755, 17755, 17755, 46838, 389648, 84907, 284611, 12.4336, 3000, 184.494
1, 17760, 17760, 17760, 46861, 389235, 84929, 284744, 12.4862, 3000, 184.482
1, 17765, 17765, 17765, 46836, 388807, 84920, 284799, 12.5387, 3000, 184.472
1, 17770, 17770, 17770, 46776, 388474, 84964, 284941, 12.5909, 3000, 184.461
1, 17775, 17775, 17775, 46850, 387828, 84934, 284904, 12.6429, 3000, 184.452
1, 17780, 17780, 17780, 46687, 387382, 84968, 285043, 12.6947, 3000, 184.442
1, 17785, 17785, 17785, 46513, 386662, 84934, 285002, 12.7463, 3000, 184.431
1, 17790, 17790, 17790, 46694, 386676, 85019, 285337, 12.7976, 3000, 184.421
1, 17795, 17795, 17795, 46662, 385717, 84931, 285102, 12.8488, 3000, 184.411
1, 17800, 17800, 17800, 46644, 385125, 84891, 285039, 12.8998, 3000, 184.402
1, 17805, 17805, 17805, 46595, 384764, 84911, 285147, 12.9505, 3000, 184.391
1, 17810, 17810, 17810, 46670, 384391, 84921, 285236, 13.0011, 3000, 184.38
1, 17815, 17815, 17815, 46555, 383720, 84874, 285143, 13.0515, 3000, 184.371
1, 17820, 17820, 17820, 46599, 383403, 84916, 285311, 13.1017, 3000, 184.362
1, 17825, 17825, 17825, 46615, 382847, 84851, 285158, 13.1516, 3000, 184.35
1, 17830, 17830, 17830, 46320, 382395, 84845, 285181, 13.2014, 3000, 184.34
1, 17835, 17835, 17835, 46374, 381896, 84814, 285136, 13.2511, 3000, 184.329
1, 17840, 17840, 17840, 46290, 381373, 84786, 285071, 13.3005, 3000, 184.32
1, 17845, 17845, 17845, 46390, 380946, 84779, 285080, 13.3497, 3000, 184.309
1, 17850, 17850, 17850, 46349, 380501, 84774, 285097, 13.3988, 3000, 184.3
1, 17855, 17855, 17855, 46286, 380054, 84754, 285125, 13.4477, 3000, 184.292
1, 17860, 17860, 17860, 46286, 379543, 84725, 285053, 13.4964, 3000, 184.279
1, 17865, 17865, 17865, 46375, 379140, 84724, 285082, 13.5449, 3000, 184.268
1, 17870, 17870, 17870, 46154, 378489, 84678, 284940, 13.5933, 3000, 184.26
1, 17875, 17875, 17875, 46054, 377837, 84627, 284813, 13.6415, 3000, 184.249
1, 17880, 17880, 17880, 46127, 377168, 84561, 284651, 13.6895, 3000, 184.238
1, 17885, 17885, 17885, 46108, 376738, 84553, 284617, 13.7373, 3000, 184.229
1, 17890, 17890, 17890, 45867, 376208, 84542, 284588, 13.785, 3000, 184.218
1, 17895, 17895, 17895, 45833, 375680, 84511, 284537, 13.8325, 3000, 184.207
1, 17900, 17900, 17900, 45848, 375059, 84470, 284356, 13.8799, 3000, 184.197
1, 17905, 17905, 17905, 45813, 374366, 84392, 284132, 13.9271, 3000, 184.187
1, 17910, 17910, 17910, 45704, 373954, 84394, 284116, 13.9741, 3000, 184.178
1, 17915, 17915, 17915, 45650, 373345, 84348, 283928, 14.021, 3000, 184.165
1, 17920, 17920, 17920, 45660, 373069, 84372, 283975, 14.0677, 3000, 184.156
1, 17925, 17925, 17925, 45556, 372526, 84337, 283828, 14.1143, 3000, 184.146
1, 17930, 17930, 17930, 45500, 372155, 84347, 283740, 14.1607, 3000, 184.135
1, 17935, 17935, 17935, 45451, 371748, 84345, 283580, 14.2069, 3000, 184.125
1, 17940, 17940, 17940, 45412, 371162, 84312, 283303, 14.2531, 3000, 184.114
1, 17945, 17945, 17945, 45495, 370307, 84224, 282820, 14.299, 3000, 184.103
1, 17950, 17950, 17950, 45364, 369419, 84122, 282259, 14.3448, 3000, 184.094
1, 17955, 17955, 17955, 45320, 368891, 84108, 281847, 14.3905, 3000, 184.085
1, 17960, 17960, 17960, 45251, 368369, 84078, 281253, 14.436, 3000, 184.075
1, 17965, 17965, 17965, 45361, 368381, 84177, 280878, 14.4814, 3000, 184.065
1, 17966, 17966, 17966, 45172, 368272, 84181, 280718, 14.4905, 3000, 184.055
1, 17966.5, 17966.5, 17966.5, 45234, 368208, 84178, 280571, 14.495, 3000, 184.047
1, 17967, 17967, 17967, 45176, 368388, 84216, 280593, 14.4995, 3000, 184.038
1, 17967.5, 17967.5, 17967.5, 45222, 368240, 84201, 280471, 14.504, 3000, 184.029
1, 17968, 17968, 17968, 45177, 368013, 84186, 280355, 14.5086, 3000, 184.019
1, 17968.5, 17968.5, 17968.5, 45201, 368291, 84243, 280383, 14.5131, 3000, 184.009
1, 17969, 17969, 17969, 45113, 368207, 84229, 280260, 14.5176, 3000, 184.001
1, 17969.5, 17969.5, 17969.5, 45061, 368080, 84205, 280043, 14.5221, 3000, 183.99
1, 17970, 17970, 17970, 45072, 367934, 84187, 279893, 14.5267, 3000, 183.982
1, 17970.5, 17970.5, 17970.5, 44985, 367708, 84166, 279646, 14.5312, 3000, 183.972
1, 17971, 17971, 17971, 44969, 367868, 84180, 279586, 14.5357, 3000, 183.963
1, 17971.5, 17971.5, 17971.5, 45094, 368022, 84201, 279522, 14.5402, 3000, 183.955
1, 17972, 17972, 17972, 45009, 366891, 84026, 278848, 14.5447, 3000, 183.947
1, 17972.5, 17972.5, 17972.5, 44982, 367184, 84084, 278883, 14.5492, 3000, 183.937
1, 17973, 17973, 17973, 44940, 367414, 84145, 278860, 14.5537, 3000, 183.928
1, 17973.5, 17973.5, 17973.5, 45098, 367663, 84209, 278881, 14.5582, 3000, 183.917
1, 17974, 17974, 17974, 45033, 367612, 84234, 278756, 14.5627, 3000, 183.91
1, 17974.5, 17974.5, 17974.5, 45022, 367436, 84203, 278510, 14.5672, 3000, 183.899
1, 17975, 17975, 17975, 45081, 367370, 84204, 278328, 14.5718, 3000, 183.891
1, 17975.5, 17975.5, 17975.5, 44952, 367227, 84175, 277997, 14.5763, 3000, 183.881
1, 17976, 17976, 17976, 44946, 367163, 84159, 277777, 14.5808, 3000, 183.871
1, 17976.5, 17976.5, 17976.5, 45030, 367092, 84142, 277454, 14.5853, 3000, 183.865
1, 17977, 17977, 17977, 45054, 367074, 84146, 277196, 14.5898, 3000, 183.855
1, 17977.5, 17977.5, 17977.5, 44985, 367151, 84170, 276996, 14.5942, 3000, 183.847
1, 17978, 17978, 17978, 44958, 366977, 84130, 276591, 14.5987, 3000, 183.835
1, 17978.5, 17978.5, 17978.5, 45041, 367266, 84212, 276499, 14.6032, 3000, 183.825
1, 17979, 17979, 17979, 44973, 367402, 84236, 276232, 14.6077, 3000, 183.818
1, 17979.5, 17979.5, 17979.5, 45026, 367392, 84228, 275832, 14.6122, 3000, 183.808
1, 17980, 17980, 17980, 44989, 367211, 84217, 275334, 14.6167, 3000, 183.799
1, 17980.5, 17980.5, 17980.5, 44971, 367318, 84274, 275091, 14.6212, 3000, 183.79
1, 17981, 17981, 17981, 44996, 367446, 84318, 274724, 14.6257, 3000, 183.782
1, 17981.5, 17981.5, 17981.5, 44978, 367574, 84366, 274295, 14.6302, 3000, 183.772
1, 17982, 17982, 17982, 45149, 367630, 84395, 273851, 14.6347, 3000, 183.762
1, 17982.5, 17982.5, 17982.5, 45132, 367668, 84424, 273257, 14.6391, 3000, 183.754
1, 17983, 17983, 17983, 45063, 367459, 84380, 272312, 14.6436, 3000, 183.745
1, 17983.5, 17983.5, 17983.5, 44966, 367309, 84338, 271398, 14.6481, 3000, 183.736
1, 17984, 17984, 17984, 45090, 367297, 84350, 270347, 14.6526, 3000, 183.726
1, 17984.5, 17984.5, 17984.5, 44987, 367446, 84407, 269511, 14.6571, 3000, 183.717
1, 17985, 17985, 17985, 45016, 367534, 84413, 268212, 14.6615, 3000, 183.708
1, 17985.5, 17985.5, 17985.5, 45144, 367962, 84509, 266760, 14.666, 3000, 183.698
1, 17986, 17986, 17986, 45116, 367759, 84487, 265022, 14.6705, 3000, 183.688
1, 17986.5, 17986.5, 17986.5, 44937, 367354, 84427, 262903, 14.675, 3000, 183.68
1, 17987, 17987, 17987, 45085, 367924, 84524, 260458, 14.6794, 3000, 183.669
1, 17987.5, 17987.5, 17987.5, 45039, 367995, 84543, 257665, 14.6839, 3000, 183.663
1, 17988, 17988, 17988, 45018, 367750, 84513, 254632, 14.6884, 3000, 183.652
1, 17988.5, 17988.5, 17988.5, 45046, 367369, 84447, 250781, 14.6928, 3000, 183.643
1, 17989, 17989, 17989, 45054, 367343, 84466, 247231, 14.6973, 3000, 183.634
1, 17989.5, 17989.5, 17989.5, 44959, 367339, 84468, 243501, 14.7018, 3000, 183.623
1, 17990, 17990, 17990, 45032, 367395, 84492, 239197, 14.7062, 3000, 183.616
1, 17990.5, 17990.5, 17990.5, 45023, 367586, 84532, 235354, 14.7107, 3000, 183.606
1, 17991, 17991, 17991, 44972, 367899, 84605, 231397, 14.7151, 3000, 183.596
1, 17991.5, 17991.5, 17991.5, 45042, 367807, 84578, 226568, 14.7196, 3000, 183.589
1, 17992, 17992, 17992, 45029, 367817, 84603, 222451, 14.7241, 3000, 183.578
1, 17992.5, 17992.5, 17992.5, 45042, 367826, 84632, 218377, 14.7285, 3000, 183.571
1, 17993, 17993, 17993, 44858, 367531, 84590, 213330, 14.733, 3000, 183.56
1, 17993.5, 17993.5, 17993.5, 44923, 367447, 84561, 208857, 14.7374, 3000, 183.55
1, 17994, 17994, 17994, 44957, 367506, 84564, 204629, 14.7419, 3000, 183.543
1, 17994.5, 17994.5, 17994.5, 45043, 367607, 84593, 199624, 14.7463, 3000, 183.533
1, 17995, 17995, 17995, 44976, 367926, 84653, 195455, 14.7508, 3000, 183.525
1, 17995.5, 17995.5, 17995.5, 45058, 368029, 84681, 191361, 14.7552, 3000, 183.514
1, 17996, 17996, 17996, 44957, 367928, 84665, 186496, 14.7597, 3000, 183.505
1, 17996.5, 17996.5, 17996.5, 45069, 367797, 84644, 182478, 14.7641, 3000, 183.496
1, 17997, 17997, 17997, 45062, 367869, 84662, 178306, 14.7686, 3000, 183.487
1, 17997.5, 17997.5, 17997.5, 45019, 367734, 84645, 173632, 14.773, 3000, 183.48
1, 17998, 17998, 17998, 44939, 367196, 84552, 169790, 14.7774, 3000, 183.469
1, 17998.5, 17998.5, 17998.5, 45016, 367511, 84607, 165947, 14.7819, 3000, 183.46
1, 17999, 17999, 17999, 44978, 367507, 84609, 161686, 14.7863, 3000, 183.45
1, 17999.5, 17999.5, 17999.5, 45057, 367590, 84645, 158341, 14.7908, 3000, 183.442
1, 18000, 18000, 18000, 45040, 367596, 84640, 154886, 14.7952, 3000, 183.434
1, 18000.5, 18000.5, 18000.5, 44948, 367636, 84648, 150915, 14.7996, 3000, 183.423
1, 18001, 18001, 18001, 44914, 367396, 84588, 147512, 14.8041, 3000, 183.415
1, 18001.5, 18001.5, 18001.5, 45022, 367488, 84605, 144236, 14.8085, 3000, 183.407
1, 18002, 18002, 18002, 45009, 367255, 84553, 140353, 14.8129, 3000, 183.397
1, 18002.5, 18002.5, 18002.5, 45106, 367453, 84608, 137176, 14.8173, 3000, 183.39
1, 18003, 18003, 18003, 45090, 367415, 84598, 133977, 14.8218, 3000, 183.38
1, 18003.5, 18003.5, 18003.5, 44957, 367492, 84649, 130632, 14.8262, 3000, 183.369
1, 18004, 18004, 18004, 45112, 367934, 84727, 127740, 14.8306, 3000, 183.36
1, 18004.5, 18004.5, 18004.5, 44997, 367609, 84653, 125072, 14.8351, 3000, 183.351
1, 18005, 18005, 18005, 45019, 367447, 84630, 122295, 14.8395, 3000, 183.343
1, 18005.5, 18005.5, 18005.5, 44998, 367167, 84562, 119989, 14.8439, 3000, 183.332
1, 18006, 18006, 18006, 45035, 367182, 84563, 118113, 14.8483, 3000, 183.322
1, 18006.5, 18006.5, 18006.5, 45045, 367400, 84614, 116161, 14.8527, 3000, 183.315
1, 18007, 18007, 18007, 45081, 367546, 84641, 114751, 14.8572, 3000, 183.304
1, 18007.5, 18007.5, 18007.5, 45062, 367772, 84687, 113626, 14.8616, 3000, 183.297
1, 18008, 18008, 18008, 45124, 367944, 84685, 112507, 14.866, 3000, 183.288
1, 18008.5, 18008.5, 18008.5, 45017, 368041, 84699, 111797, 14.8704, 3000, 183.28
1, 18009, 18009, 18009, 44995, 368028, 84697, 111253, 14.8748, 3000, 183.268
1, 18009.5, 18009.5, 18009.5, 45177, 368044, 84691, 110834, 14.8792, 3000, 183.26
1, 18010, 18010, 18010, 45238, 367977, 84694, 110625, 14.8836, 3000, 183.252
1, 18010.5, 18010.5, 18010.5, 45161, 368039, 84709, 110525, 14.888, 3000, 183.241
1, 18011, 18011, 18011, 45117, 368229, 84732, 110604, 14.8924, 3000, 183.232
1, 18011.5, 18011.5, 18011.5, 45190, 368354, 84764, 110717, 14.8968, 3000, 183.225
1, 18012, 18012, 18012, 45284, 368459, 84792, 110899, 14.9012, 3000, 183.215
1, 18012.5, 18012.5, 18012.5, 45264, 368611, 84820, 111125, 14.9057, 3000, 183.206
1, 18013, 18013, 18013, 45137, 368637, 84833, 111312, 14.9101, 3000, 183.197
1, 18013.5, 18013.5, 18013.5, 45251, 368427, 84795, 111440, 14.9145, 3000, 183.186
1, 18014, 18014, 18014, 45310, 368680, 84853, 111666, 14.9189, 3000, 183.179
1, 18014.5, 18014.5, 18014.5, 45171, 368667, 84859, 111766, 14.9233, 3000, 183.169
1, 18015, 18015, 18015, 45201, 368728, 84880, 111840, 14.9276, 3000, 183.162
1, 18015.5, 18015.5, 18015.5, 45287, 368772, 84897, 111819, 14.932, 3000, 183.149
1, 18016, 18016, 18016, 45314, 368783, 84900, 111775, 14.9364, 3000, 183.141
1, 18016.5, 18016.5, 18016.5, 45328, 369038, 84967, 111701, 14.9408, 3000, 183.133
1, 18017, 18017, 18017, 45241, 369034, 84993, 111556, 14.9452, 3000, 183.123
1, 18017.5, 18017.5, 18017.5, 45206, 369513, 85134, 111380, 14.9496, 3000, 183.116
1, 18018, 18018, 18018, 45237, 369448, 85129, 111106, 14.954, 3000, 183.106
1, 18018.5, 18018.5, 18018.5, 45358, 369178, 85089, 110758, 14.9584, 3000, 183.095
1, 18019, 18019, 18019, 45281, 369198, 85101, 110369, 14.9628, 3000, 183.089
1, 18019.5, 18019.5, 18019.5, 45358, 369318, 85128, 110036, 14.9672, 3000, 183.078
1, 18020, 18020, 18020, 45278, 369526, 85165, 109718, 14.9715, 3000, 183.07
1, 18020.5, 18020.5, 18020.5, 45415, 369611, 85193, 109335, 14.9759, 3000, 183.059
1, 18021, 18021, 18021, 45346, 369778, 85243, 109042, 14.9803, 3000, 183.049
1, 18021.5, 18021.5, 18021.5, 45482, 369795, 85260, 108756, 14.9847, 3000, 183.041
1, 18022, 18022, 18022, 45356, 369903, 85318, 108475, 14.9891, 3000, 183.03
1, 18022.5, 18022.5, 18022.5, 45294, 369627, 85294, 108238, 14.9934, 3000, 183.021
1, 18023, 18023, 18023, 45171, 369474, 85280, 107997, 14.9978, 3000, 183.014
1, 18023.5, 18023.5, 18023.5, 45308, 369570, 85333, 107847, 15.0022, 3000, 183.004
1, 18024, 18024, 18024, 45413, 369690, 85360, 107764, 15.0066, 3000, 182.996
1, 18024.5, 18024.5, 18024.5, 45297, 369801, 85402, 107720, 15.0109, 3000, 182.987
1, 18025, 18025, 18025, 45481, 370259, 85502, 107845, 15.0153, 3000, 182.977
1, 18025.5, 18025.5, 18025.5, 45414, 370543, 85557, 107963, 15.0197, 3000, 182.969
1, 18026, 18026, 18026, 45350, 370539, 85586, 108098, 15.024, 3000, 182.959
1, 18026.5, 18026.5, 18026.5, 45479, 370702, 85645, 108346, 15.0284, 3000, 182.948
1, 18027, 18027, 18027, 45562, 370808, 85687, 108637, 15.0328, 3000, 182.94
1, 18027.5, 18027.5, 18027.5, 45372, 370903, 85717, 108921, 15.0371, 3000, 182.93
1, 18028, 18028, 18028, 45368, 370532, 85665, 109190, 15.0415, 3000, 182.923
1, 18028.5, 18028.5, 18028.5, 45336, 370568, 85677, 109627, 15.0459, 3000, 182.912
1, 18029, 18029, 18029, 45470, 370602, 85709, 110017, 15.0502, 3000, 182.903
1, 18029.5, 18029.5, 18029.5, 45374, 370657, 85740, 110419, 15.0546, 3000, 182.895
1, 18030, 18030, 18030, 45387, 370833, 85801, 110938, 15.0589, 3000, 182.885
1, 18030.5, 18030.5, 18030.5, 45411, 371082, 85883, 111415, 15.0633, 3000, 182.878
1, 18031, 18031, 18031, 45439, 371001, 85879, 111803, 15.0677, 3000, 182.868
1, 18031.5, 18031.5, 18031.5, 45433, 371084, 85920, 112281, 15.072, 3000, 182.858
1, 18032, 18032, 18032, 45543, 371415, 86019, 112724, 15.0764, 3000, 182.85
1, 18032.5, 18032.5, 18032.5, 45542, 371460, 86034, 113096, 15.0807, 3000, 182.84
1, 18033, 18033, 18033, 45464, 371414, 86032, 113455, 15.0851, 3000, 182.834
1, 18033.5, 18033.5, 18033.5, 45364, 371406, 86054, 113744, 15.0894, 3000, 182.823
1, 18034, 18034, 18034, 45305, 371466, 86071, 114030, 15.0938, 3000, 182.816
1, 18034.5, 18034.5, 18034.5, 45513, 371684, 86136, 114339, 15.0981, 3000, 182.807
1, 18035, 18035, 18035, 45517, 372072, 86222, 114637, 15.1024, 3000, 182.796
1, 18035.5, 18035.5, 18035.5, 45504, 372371, 86315, 114905, 15.1068, 3000, 182.789
1, 18036, 18036, 18036, 45435, 371888, 86227, 114959, 15.1111, 3000, 182.778
1, 18041, 18041, 18041, 75698, 619308, 143782, 193195, 15.1545, 5000, 182.764
1, 18046, 18046, 18046, 75693, 618673, 143799, 192784, 15.1977, 5000, 182.747
1, 18051, 18051, 18051, 75835, 618686, 143944, 189215, 15.2408, 5000, 182.732
1, 18056, 18056, 18056, 75530, 618086, 143948, 186805, 15.2838, 5000, 182.717
1, 18061, 18061, 18061, 75612, 617498, 143950, 189309, 15.3267, 5000, 182.702
1, 18066, 18066, 18066, 75812, 616775, 143902, 192789, 15.3695, 5000, 182.687
1, 18071, 18071, 18071, 75738, 616548, 144005, 194447, 15.4121, 5000, 182.672
1, 18076, 18076, 18076, 75596, 615840, 144004, 194812, 15.4546, 5000, 182.656
1, 18081, 18081, 18081, 75496, 614744, 143913, 193475, 15.497, 5000, 182.64
1, 18086, 18086, 18086, 75239, 614413, 144019, 191723, 15.5393, 5000, 182.625
1, 18091, 18091, 18091, 75137, 614038, 144128, 191415, 15.5815, 5000, 182.61
1, 18096, 18096, 18096, 74857, 612325, 143909, 193286, 15.6235, 5000, 182.596
1, 18101, 18101, 18101, 74893, 612151, 144020, 196451, 15.6655, 5000, 182.58
1, 18106, 18106, 18106, 74995, 612410, 144230, 198258, 15.7073, 5000, 182.565
1, 18111, 18111, 18111, 74768, 611900, 144263, 197809, 15.749, 5000, 182.548
1, 18116, 18116, 18116, 74666, 610495, 144079, 196412, 15.7906, 5000, 182.534
1, 18121, 18121, 18121, 74488, 610377, 144238, 195530, 15.8321, 5000, 182.52
1, 18126, 18126, 18126, 74609, 610269, 144399, 195170, 15.8735, 5000, 182.503
1, 18131, 18131, 18131, 74532, 609799, 144484, 195144, 15.9148, 5000, 182.488
1, 18136, 18136, 18136, 74453, 609709, 144597, 196167, 15.956, 5000, 182.473
1, 18141, 18141, 18141, 74875, 610542, 144917, 198418, 15.997, 5000, 182.458
1, 18146, 18146, 18146, 74439, 609526, 144838, 200683, 16.038, 5000, 182.444
1, 18151, 18151, 18151, 74494, 608691, 144807, 202363, 16.0789, 5000, 182.428
1, 18156, 18156, 18156, 74465, 608868, 144991, 203241, 16.1196, 5000, 182.411
1, 18161, 18161, 18161, 74477, 608473, 145065, 203156, 16.1603, 5000, 182.397
1, 18166, 18166, 18166, 74630, 607919, 145121, 202283, 16.2008, 5000, 182.382
1, 18171, 18171, 18171, 74660, 607360, 145167, 200906, 16.2413, 5000, 182.37
1, 18176, 18176, 18176, 74530, 606874, 145191, 199679, 16.2816, 5000, 182.355
1, 18181, 18181, 18181, 74672, 606364, 145270, 199067, 16.3219, 5000, 182.34
1, 18186, 18186, 18186, 74513, 605081, 145141, 199211, 16.362, 5000, 182.325
1, 18191, 18191, 18191, 74322, 604584, 145209, 200390, 16.4021, 5000, 182.309
1, 18196, 18196, 18196, 74321, 604151, 145279, 201910, 16.4421, 5000, 182.294
1, 18201, 18201, 18201, 74188, 603160, 145213, 203167, 16.4819, 5000, 182.279
1, 18206, 18206, 18206, 74025, 602868, 145305, 204403, 16.5217, 5000, 182.263
1, 18211, 18211, 18211, 73928, 603081, 145478, 205626, 16.5613, 5000, 182.249
1, 18216, 18216, 18216, 73806, 602300, 145477, 206233, 16.6009, 5000, 182.233
1, 18221, 18221, 18221, 73940, 602777, 145768, 206430, 16.6404, 5000, 182.222
1, 18226, 18226, 18226, 73818, 602473, 145861, 205688, 16.6798, 5000, 182.205
1, 18231, 18231, 18231, 73606, 601725, 145866, 204406, 16.7191, 5000, 182.193
1, 18236, 18236, 18236, 73626, 601705, 146025, 203207, 16.7583, 5000, 182.178
1, 18241, 18241, 18241, 73692, 600997, 146004, 202285, 16.7974, 5000, 182.162
1, 18246, 18246, 18246, 73677, 601109, 146182, 202399, 16.8364, 5000, 182.148
1, 18251, 18251, 18251, 73639, 600908, 146306, 203343, 16.8753, 5000, 182.132
1, 18256, 18256, 18256, 73629, 600565, 146390, 204692, 16.9142, 5000, 182.117
1, 18261, 18261, 18261, 73717, 600507, 146546, 205990, 16.9529, 5000, 182.102
1, 18266, 18266, 18266, 73763, 599901, 146553, 206763, 16.9916, 5000, 182.088
1, 18271, 18271, 18271, 73663, 598814, 146438, 207264, 17.0302, 5000, 182.073
1, 18276, 18276, 18276, 73427, 596849, 146102, 207466, 17.0686, 5000, 182.059
1, 18281, 18281, 18281, 72861, 593153, 145347, 207227, 17.107, 5000, 182.047
1, 18286, 18286, 18286, 73122, 593425, 145594, 207878, 17.1454, 5000, 182.031
1, 18291, 18291, 18291, 73192, 595190, 146200, 208585, 17.1836, 5000, 182.016
1, 18296, 18296, 18296, 73231, 596014, 146579, 208836, 17.2217, 5000, 182.001
1, 18301, 18301, 18301, 73270, 595286, 146552, 208437, 17.2598, 5000, 181.986
1, 18306, 18306, 18306, 73202, 594694, 146581, 207918, 17.2978, 5000, 181.971
1, 18311, 18311, 18311, 73157, 594504, 146677, 207461, 17.3357, 5000, 181.956
1, 18316, 18316, 18316, 72930, 593723, 146655, 206973, 17.3735, 5000, 181.941
1, 18321, 18321, 18321, 73033, 594192, 146918, 207185, 17.4112, 5000, 181.926
1, 18326, 18326, 18326, 72942, 593944, 147042, 207807, 17.4488, 5000, 181.911
1, 18331, 18331, 18331, 72944, 593649, 147121, 208730, 17.4864, 5000, 181.896
1, 18336, 18336, 18336, 73010, 592810, 147083, 209555, 17.5239, 5000, 181.881
1, 18341, 18341, 18341, 72860, 591924, 147021, 210228, 17.5613, 5000, 181.87
1, 18346, 18346, 18346, 72971, 590869, 146902, 210665, 17.5986, 5000, 181.853
1, 18351, 18351, 18351, 73062, 590951, 147064, 211344, 17.6359, 5000, 181.84
1, 18356, 18356, 18356, 73041, 590071, 147053, 211712, 17.673, 5000, 181.824
1, 18361, 18361, 18361, 73019, 589762, 147148, 212053, 17.7101, 5000, 181.808
1, 18366, 18366, 18366, 72786, 589497, 147225, 212239, 17.7471, 5000, 181.794
1, 18371, 18371, 18371, 72714, 588811, 147198, 212128, 17.7841, 5000, 181.779
1, 18376, 18376, 18376, 72499, 588062, 147196, 211909, 17.8209, 5000, 181.766
1, 18381, 18381, 18381, 72367, 587171, 147130, 211588, 17.8577, 5000, 181.749
1, 18386, 18386, 18386, 72338, 586824, 147189, 211486, 17.8944, 5000, 181.734
1, 18391, 18391, 18391, 72221, 585916, 147120, 211346, 17.931, 5000, 181.723
1, 18396, 18396, 18396, 72200, 585558, 147180, 211469, 17.9676, 5000, 181.708
1, 18401, 18401, 18401, 71910, 584312, 147027, 211375, 18.0041, 5000, 181.694
1, 18406, 18406, 18406, 72043, 584184, 147127, 211622, 18.0405, 5000, 181.679
1, 18411, 18411, 18411, 71815, 583833, 147207, 211956, 18.0768, 5000, 181.664
1, 18416, 18416, 18416, 71667, 583299, 147253, 212421, 18.1131, 5000, 181.649
1, 18421, 18421, 18421, 71799, 582532, 147218, 212807, 18.1493, 5000, 181.633
1, 18426, 18426, 18426, 71666, 581517, 147111, 213223, 18.1854, 5000, 181.619
1, 18428, 18428, 18428, 71641, 581358, 147122, 213382, 18.1998, 5000, 181.602
