# Publication.DOI: https://doi.org/10.20383/103.01329
# Publication.authors: Peter Blanchard, Miranda Vu, Joel Reid, Erika Bergen, Jeff Warner
# Publication.affiliation: Canadian Light Source
# CLS Data Acquisition
# Spectrum.license: CC0-4.0
# Thu Sep  2 00:29:43 2010
#(2) BL1606-ID1:mcs:background BL1606-ID1:mcs:background BL1606-ID-1:Energy:0 PSL16062I1005:gap:mm PSL16062I1006:gap:mm PSL16062I1021:gap PSL16062I1022:gap Amp1606-2-I10-01:gain:fbk Amp1606-2-I10-02:gain:fbk Amp1606-2-I10-03:gain:fbk Amp1606-2-I10-04:gain:fbk
#(1) Event-ID BL1606-ID-1:Energy MONO16061I1001:Energy:fbk MONO16061I1001:Energy:sp BL1606-ID1:mcs03:fbk BL1606-ID1:mcs04:fbk BL1606-ID1:mcs05:fbk BL1606-ID1:mcs06:fbk BL1606-ID-1:k BL1606-ID1:mcs:delay PCT1402-01:mA:fbk
#(2) "$(Background)[0]" "$(Background)[1-4]" "Energy Base" "$(XAFS_Slits_V)" "$(XAFS_Slits_H)" "$(XAFS_JJSlits_V)" "$(XAFS_JJSlits_H)" "$(XAFS_Amp1)" "$(XAFS_Amp2)" "$(XAFS_Amp3)" "$(XAFS_Amp4)"
#(1) Event-ID "BL1606-ID-1 Energy Setting" "$(EnergyFeedback)" "$(EnergyAchieved)" "Idiode" "I0" "I1" "I2" "$(kName)" "Delay between scans" "PCT for SR1"
# Background counts time=3.86342e-305(x .1 microseconds), 0, 0, 0, 0, 17166, 5.5, 18, 1.5, 3, 1e+09, 1e+06, 500000, 5e+07
1, 16966, 16966, 16966, 17443, 160405, 60685, 185103, 0, 1000, 198.474
1, 16976, 16976, 16976, 17299, 158435, 60065, 183377, 0, 1000, 198.468
1, 16986, 16986, 16986, 17104, 157138, 59690, 182367, 0, 1000, 198.461
1, 16996, 16996, 16996, 17127, 156386, 59510, 181957, 0, 1000, 198.457
1, 17006, 17006, 17006, 17054, 155760, 59378, 181695, 0, 1000, 198.449
1, 17016, 17016, 17016, 16986, 155300, 59305, 181615, 0, 1000, 198.442
1, 17026, 17026, 17026, 16966, 155054, 59301, 181679, 0, 1000, 198.438
1, 17036, 17036, 17036, 16916, 154589, 59218, 181549, 0, 1000, 198.433
1, 17046, 17046, 17046, 16872, 154134, 59127, 181409, 0, 1000, 198.427
1, 17056, 17056, 17056, 16785, 153785, 59078, 181355, 0, 1000, 198.419
1, 17066, 17066, 17066, 16815, 153459, 59019, 181312, 0, 1000, 198.414
1, 17076, 17076, 17076, 16735, 153075, 58929, 181150, 0, 1000, 198.407
1, 17086, 17086, 17086, 16700, 152618, 58779, 180819, 0, 1000, 198.401
1, 17096, 17096, 17096, 16748, 152275, 58658, 180583, 0, 1000, 198.397
1, 17106, 17106, 17106, 16682, 151905, 58485, 180163, 0, 1000, 198.389
1, 17116, 17116, 17116, 16661, 151407, 58179, 179372, 0, 1000, 198.384
1, 17126, 17126, 17126, 16589, 150999, 57746, 178174, 0, 1000, 198.378
1, 17126.5, 17126.5, 17126.5, 16575, 150952, 57708, 178092, 0, 1000, 198.372
1, 17127, 17127, 17127, 16583, 150928, 57676, 177989, 0, 1000, 198.369
1, 17127.5, 17127.5, 17127.5, 16541, 150917, 57648, 177917, 0, 1000, 198.365
1, 17128, 17128, 17128, 16606, 151037, 57668, 178003, 0, 1000, 198.362
1, 17128.5, 17128.5, 17128.5, 16614, 151157, 57688, 178041, 0, 1000, 198.356
1, 17129, 17129, 17129, 16608, 151145, 57662, 177964, 0, 1000, 198.348
1, 17129.5, 17129.5, 17129.5, 16616, 151064, 57614, 177829, 0, 1000, 198.346
1, 17130, 17130, 17130, 16560, 150843, 57509, 177556, 0, 1000, 198.341
1, 17130.5, 17130.5, 17130.5, 16578, 150845, 57485, 177470, 0, 1000, 198.338
1, 17131, 17131, 17131, 16582, 150812, 57437, 177344, 0, 1000, 198.333
1, 17131.5, 17131.5, 17131.5, 16584, 150933, 57453, 177391, 0, 1000, 198.327
1, 17132, 17132, 17132, 16543, 150903, 57401, 177249, 0, 1000, 198.324
1, 17132.5, 17132.5, 17132.5, 16521, 150952, 57388, 177222, 0, 1000, 198.319
1, 17133, 17133, 17133, 16539, 150910, 57335, 177080, 0, 1000, 198.317
1, 17133.5, 17133.5, 17133.5, 16555, 150969, 57323, 177041, 0, 1000, 198.312
1, 17134, 17134, 17134, 16545, 150891, 57257, 176870, 0, 1000, 198.306
1, 17134.5, 17134.5, 17134.5, 16507, 150841, 57198, 176678, 0, 1000, 198.304
1, 17135, 17135, 17135, 16530, 150825, 57150, 176533, 0, 1000, 198.298
1, 17135.5, 17135.5, 17135.5, 16553, 150834, 57116, 176441, 0, 1000, 198.296
1, 17136, 17136, 17136, 16479, 150786, 57044, 176242, 0, 1000, 198.289
1, 17136.5, 17136.5, 17136.5, 16517, 150827, 57014, 176135, 0, 1000, 198.283
1, 17137, 17137, 17137, 16556, 150834, 56966, 176030, 0, 1000, 198.281
1, 17137.5, 17137.5, 17137.5, 16579, 150904, 56943, 175940, 0, 1000, 198.275
1, 17138, 17138, 17138, 16544, 150902, 56884, 175794, 0, 1000, 198.273
1, 17138.5, 17138.5, 17138.5, 16523, 150920, 56835, 175639, 0, 1000, 198.268
1, 17139, 17139, 17139, 16603, 151232, 56874, 175752, 0, 1000, 198.262
1, 17139.5, 17139.5, 17139.5, 16568, 151148, 56771, 175487, 0, 1000, 198.259
1, 17140, 17140, 17140, 16589, 151162, 56709, 175286, 0, 1000, 198.254
1, 17140.5, 17140.5, 17140.5, 16560, 150794, 56518, 174718, 0, 1000, 198.251
1, 17141, 17141, 17141, 16516, 150862, 56465, 174555, 0, 1000, 198.246
1, 17141.5, 17141.5, 17141.5, 16518, 150813, 56367, 174290, 0, 1000, 198.24
1, 17142, 17142, 17142, 16596, 151061, 56361, 174300, 0, 1000, 198.237
1, 17142.5, 17142.5, 17142.5, 16540, 151105, 56293, 174063, 0, 1000, 198.232
1, 17143, 17143, 17143, 16578, 151154, 56211, 173857, 0, 1000, 198.229
1, 17143.5, 17143.5, 17143.5, 16639, 150781, 55987, 173202, 0, 1000, 198.224
1, 17144, 17144, 17144, 16559, 150736, 55858, 172828, 0, 1000, 198.218
1, 17144.5, 17144.5, 17144.5, 16548, 150789, 55762, 172545, 0, 1000, 198.214
1, 17145, 17145, 17145, 16490, 150774, 55640, 172193, 0, 1000, 198.21
1, 17145.5, 17145.5, 17145.5, 16605, 150807, 55523, 171833, 0, 1000, 198.208
1, 17146, 17146, 17146, 16538, 150738, 55357, 171344, 0, 1000, 198.202
1, 17146.5, 17146.5, 17146.5, 16504, 150751, 55218, 170943, 0, 1000, 198.197
1, 17147, 17147, 17147, 16499, 150709, 55067, 170515, 0, 1000, 198.195
1, 17147.5, 17147.5, 17147.5, 16553, 150718, 54895, 169985, 0, 1000, 198.187
1, 17148, 17148, 17148, 16587, 150688, 54710, 169452, 0, 1000, 198.185
1, 17148.5, 17148.5, 17148.5, 16511, 150729, 54538, 168942, 0, 1000, 198.179
1, 17149, 17149, 17149, 16537, 150804, 54352, 168382, 0, 1000, 198.174
1, 17149.5, 17149.5, 17149.5, 16529, 150877, 54147, 167775, 0, 1000, 198.172
1, 17150, 17150, 17150, 16528, 150884, 53907, 167120, 0, 1000, 198.166
1, 17150.5, 17150.5, 17150.5, 16565, 150969, 53659, 166366, 0, 1000, 198.163
1, 17151, 17151, 17151, 16644, 150872, 53329, 165392, 0, 1000, 198.159
1, 17151.5, 17151.5, 17151.5, 16520, 150880, 53023, 164515, 0, 1000, 198.154
1, 17152, 17152, 17152, 16591, 150910, 52697, 163563, 0, 1000, 198.151
1, 17152.5, 17152.5, 17152.5, 16502, 150904, 52313, 162421, 0, 1000, 198.146
1, 17153, 17153, 17153, 16562, 150933, 51918, 161274, 0, 1000, 198.143
1, 17153.5, 17153.5, 17153.5, 16544, 150941, 51490, 160008, 0, 1000, 198.137
1, 17154, 17154, 17154, 16498, 150977, 51030, 158668, 0, 1000, 198.131
1, 17154.5, 17154.5, 17154.5, 16551, 150977, 50492, 157084, 0, 1000, 198.128
1, 17155, 17155, 17155, 16635, 151015, 49961, 155505, 0, 1000, 198.122
1, 17155.5, 17155.5, 17155.5, 16546, 150990, 49351, 153734, 0, 1000, 198.12
1, 17156, 17156, 17156, 16480, 150950, 48681, 151743, 0, 1000, 198.114
1, 17156.5, 17156.5, 17156.5, 16568, 151038, 48023, 149837, 0, 1000, 198.109
1, 17157, 17157, 17157, 16603, 151021, 47293, 147693, 0, 1000, 198.106
1, 17157.5, 17157.5, 17157.5, 16587, 150908, 46437, 145172, 0, 1000, 198.1
1, 17158, 17158, 17158, 16540, 150931, 45623, 142765, 0, 1000, 198.098
1, 17158.5, 17158.5, 17158.5, 16583, 150966, 44735, 140190, 0, 1000, 198.091
1, 17159, 17159, 17159, 16533, 150937, 43741, 137252, 0, 1000, 198.087
1, 17159.5, 17159.5, 17159.5, 16543, 150967, 42716, 134243, 0, 1000, 198.083
1, 17160, 17160, 17160, 16538, 150969, 41697, 131246, 0, 1000, 198.079
1, 17160.5, 17160.5, 17160.5, 16590, 150943, 40527, 127837, 0, 1000, 198.074
1, 17161, 17161, 17161, 16540, 150961, 39339, 124352, 0, 1000, 198.07
1, 17161.5, 17161.5, 17161.5, 16525, 150973, 38169, 120935, 0, 1000, 198.064
1, 17162, 17162, 17162, 16565, 150971, 36939, 117324, 0, 1000, 198.061
1, 17162.5, 17162.5, 17162.5, 16549, 151020, 35634, 113510, 0, 1000, 198.055
1, 17163, 17163, 17163, 16629, 150978, 34374, 109820, 0, 1000, 198.053
1, 17163.5, 17163.5, 17163.5, 16583, 150972, 33140, 106224, 0, 1000, 198.047
1, 17164, 17164, 17164, 16547, 151043, 31917, 102659, 0, 1000, 198.042
1, 17164.5, 17164.5, 17164.5, 16563, 151050, 30701, 99134, 0, 1000, 198.038
1, 17165, 17165, 17165, 16490, 150999, 29575, 95848, 0, 1000, 198.033
1, 17165.5, 17165.5, 17165.5, 16536, 151054, 28519, 92761, 0, 1000, 198.032
1, 17166, 17166, 17166, 16564, 151007, 27515, 89841, 0, 1000, 198.024
1, 17166.5, 17166.5, 17166.5, 16608, 150986, 26628, 87271, 0.362262, 1000, 198.02
1, 17167, 17167, 17167, 16596, 150926, 25813, 84920, 0.512316, 1000, 198.019
1, 17167.5, 17167.5, 17167.5, 16515, 150904, 25174, 83047, 0.627456, 1000, 198.012
1, 17168, 17168, 17168, 16576, 151073, 24588, 81363, 0.724524, 1000, 198.01
1, 17168.5, 17168.5, 17168.5, 16617, 151108, 24089, 79899, 0.810042, 1000, 198.004
1, 17169, 17169, 17169, 16562, 151160, 23672, 78697, 0.887357, 1000, 197.999
1, 17169.5, 17169.5, 17169.5, 16513, 151142, 23370, 77817, 0.958455, 1000, 197.996
1, 17170, 17170, 17170, 16548, 151174, 23169, 77246, 1.02463, 1000, 197.991
1, 17170.5, 17170.5, 17170.5, 16489, 151268, 23070, 76950, 1.08679, 1000, 197.988
1, 17171, 17171, 17171, 16604, 151270, 23035, 76850, 1.14557, 1000, 197.983
1, 17171.5, 17171.5, 17171.5, 16561, 151440, 23099, 77041, 1.20149, 1000, 197.977
1, 17172, 17172, 17172, 16537, 151512, 23216, 77369, 1.25491, 1000, 197.974
1, 17172.5, 17172.5, 17172.5, 16623, 151352, 23344, 77759, 1.30615, 1000, 197.967
1, 17173, 17173, 17173, 16549, 151082, 23477, 78146, 1.35546, 1000, 197.965
1, 17173.5, 17173.5, 17173.5, 16544, 151116, 23685, 78742, 1.40303, 1000, 197.959
1, 17174, 17174, 17174, 16585, 151087, 23907, 79392, 1.44905, 1000, 197.954
1, 17174.5, 17174.5, 17174.5, 16554, 151093, 24122, 80016, 1.49364, 1000, 197.952
1, 17175, 17175, 17175, 16605, 151088, 24325, 80621, 1.53695, 1000, 197.947
1, 17175.5, 17175.5, 17175.5, 16541, 151105, 24531, 81207, 1.57906, 1000, 197.944
1, 17176, 17176, 17176, 16647, 151098, 24716, 81752, 1.62008, 1000, 197.938
1, 17176.5, 17176.5, 17176.5, 16563, 151046, 24866, 82202, 1.66009, 1000, 197.933
1, 17177, 17177, 17177, 16521, 151034, 25013, 82617, 1.69916, 1000, 197.93
1, 17177.5, 17177.5, 17177.5, 16554, 150978, 25133, 82959, 1.73735, 1000, 197.925
1, 17178, 17178, 17178, 16566, 150995, 25246, 83292, 1.77471, 1000, 197.922
1, 17178.5, 17178.5, 17178.5, 16478, 151008, 25344, 83589, 1.81131, 1000, 197.917
1, 17179, 17179, 17179, 16556, 151011, 25435, 83848, 1.84718, 1000, 197.912
1, 17179.5, 17179.5, 17179.5, 16508, 151017, 25517, 84094, 1.88237, 1000, 197.909
1, 17180, 17180, 17180, 16573, 151004, 25591, 84306, 1.91691, 1000, 197.904
1, 17180.5, 17180.5, 17180.5, 16507, 150834, 25635, 84427, 1.95084, 1000, 197.902
1, 17181, 17181, 17181, 16515, 150819, 25704, 84630, 1.98419, 1000, 197.895
1, 17181.5, 17181.5, 17181.5, 16560, 150778, 25772, 84830, 2.01699, 1000, 197.89
1, 17182, 17182, 17182, 16539, 150822, 25863, 85102, 2.04926, 1000, 197.888
1, 17182.5, 17182.5, 17182.5, 16453, 150824, 25951, 85361, 2.08104, 1000, 197.882
1, 17183, 17183, 17183, 16510, 150784, 26032, 85595, 2.11233, 1000, 197.88
1, 17183.5, 17183.5, 17183.5, 16551, 151117, 26187, 86056, 2.14317, 1000, 197.873
1, 17184, 17184, 17184, 16571, 151171, 26300, 86387, 2.17357, 1000, 197.867
1, 17184.5, 17184.5, 17184.5, 16534, 151097, 26394, 86670, 2.20355, 1000, 197.865
1, 17185, 17185, 17185, 16504, 150955, 26484, 86915, 2.23313, 1000, 197.86
1, 17185.5, 17185.5, 17185.5, 16546, 150916, 26599, 87269, 2.26232, 1000, 197.857
1, 17186, 17186, 17186, 16527, 150899, 26717, 87612, 2.29114, 1000, 197.852
1, 17186.5, 17186.5, 17186.5, 16498, 150934, 26845, 88003, 2.31961, 1000, 197.846
1, 17187, 17187, 17187, 16554, 150874, 26961, 88336, 2.34772, 1000, 197.844
1, 17187.5, 17187.5, 17187.5, 16544, 150907, 27097, 88722, 2.37551, 1000, 197.837
1, 17188, 17188, 17188, 16571, 150915, 27221, 89083, 2.40297, 1000, 197.835
1, 17188.5, 17188.5, 17188.5, 16549, 150925, 27348, 89464, 2.43013, 1000, 197.829
1, 17189, 17189, 17189, 16514, 150920, 27467, 89816, 2.45698, 1000, 197.824
1, 17189.5, 17189.5, 17189.5, 16563, 150962, 27592, 90170, 2.48354, 1000, 197.82
1, 17190, 17190, 17190, 16541, 151050, 27719, 90561, 2.50982, 1000, 197.815
1, 17190.5, 17190.5, 17190.5, 16561, 151069, 27834, 90902, 2.53583, 1000, 197.812
1, 17191, 17191, 17191, 16570, 150958, 27902, 91083, 2.56158, 1000, 197.808
1, 17191.5, 17191.5, 17191.5, 16568, 151040, 28016, 91403, 2.58707, 1000, 197.801
1, 17192, 17192, 17192, 16504, 151072, 28115, 91715, 2.61231, 1000, 197.798
1, 17192.5, 17192.5, 17192.5, 16550, 150998, 28184, 91918, 2.63731, 1000, 197.794
1, 17193, 17193, 17193, 16506, 150884, 28239, 92075, 2.66207, 1000, 197.791
1, 17193.5, 17193.5, 17193.5, 16608, 150827, 28299, 92273, 2.68661, 1000, 197.785
1, 17194, 17194, 17194, 16529, 150860, 28369, 92469, 2.71092, 1000, 197.78
1, 17194.5, 17194.5, 17194.5, 16501, 150852, 28419, 92616, 2.73502, 1000, 197.777
1, 17195, 17195, 17195, 16541, 150837, 28464, 92761, 2.7589, 1000, 197.773
1, 17195.5, 17195.5, 17195.5, 16511, 150869, 28512, 92895, 2.78259, 1000, 197.77
1, 17196, 17196, 17196, 16518, 150912, 28547, 93008, 2.80607, 1000, 197.764
1, 17196.5, 17196.5, 17196.5, 16569, 150872, 28563, 93040, 2.82935, 1000, 197.758
1, 17197, 17197, 17197, 16511, 150870, 28582, 93103, 2.85245, 1000, 197.756
1, 17197.5, 17197.5, 17197.5, 16578, 150883, 28594, 93140, 2.87536, 1000, 197.75
1, 17198, 17198, 17198, 16612, 150925, 28610, 93197, 2.89809, 1000, 197.747
1, 17198.5, 17198.5, 17198.5, 16541, 150858, 28600, 93164, 2.92065, 1000, 197.742
1, 17199, 17199, 17199, 16549, 151059, 28622, 93228, 2.94303, 1000, 197.736
1, 17199.5, 17199.5, 17199.5, 16570, 151065, 28619, 93227, 2.96524, 1000, 197.733
1, 17200, 17200, 17200, 16621, 151026, 28602, 93183, 2.98729, 1000, 197.728
1, 17200.5, 17200.5, 17200.5, 16534, 150853, 28559, 93060, 3.00917, 1000, 197.726
1, 17201, 17201, 17201, 16524, 150901, 28556, 93045, 3.0309, 1000, 197.72
1, 17201.5, 17201.5, 17201.5, 16490, 150893, 28541, 93011, 3.05247, 1000, 197.715
1, 17202, 17202, 17202, 16491, 150856, 28523, 92960, 3.07389, 1000, 197.712
1, 17202.5, 17202.5, 17202.5, 16563, 150931, 28526, 92944, 3.09517, 1000, 197.705
1, 17203, 17203, 17203, 16556, 150821, 28483, 92824, 3.11629, 1000, 197.702
1, 17203.5, 17203.5, 17203.5, 16540, 150787, 28462, 92778, 3.13728, 1000, 197.698
1, 17204, 17204, 17204, 16503, 150817, 28458, 92755, 3.15812, 1000, 197.691
1, 17204.5, 17204.5, 17204.5, 16506, 150770, 28440, 92714, 3.17883, 1000, 197.689
1, 17205, 17205, 17205, 16536, 150855, 28449, 92733, 3.19941, 1000, 197.682
1, 17205.5, 17205.5, 17205.5, 16563, 150847, 28444, 92725, 3.21985, 1000, 197.68
1, 17206, 17206, 17206, 16521, 150863, 28448, 92742, 3.24017, 1000, 197.675
1, 17206.5, 17206.5, 17206.5, 16451, 150787, 28442, 92725, 3.26036, 1000, 197.67
1, 17207, 17207, 17207, 16526, 150706, 28438, 92737, 3.28042, 1000, 197.667
1, 17207.5, 17207.5, 17207.5, 16563, 150724, 28457, 92777, 3.30036, 1000, 197.661
1, 17208, 17208, 17208, 16463, 150781, 28482, 92868, 3.32018, 1000, 197.658
1, 17208.5, 17208.5, 17208.5, 16531, 150869, 28523, 92971, 3.33989, 1000, 197.654
1, 17209, 17209, 17209, 16550, 150849, 28546, 93049, 3.35948, 1000, 197.648
1, 17209.5, 17209.5, 17209.5, 16513, 150735, 28560, 93087, 3.37895, 1000, 197.645
1, 17210, 17210, 17210, 16615, 150648, 28585, 93180, 3.39832, 1000, 197.64
1, 17210.5, 17210.5, 17210.5, 16445, 150616, 28626, 93290, 3.41757, 1000, 197.638
1, 17211, 17211, 17211, 16573, 150696, 28685, 93461, 3.43672, 1000, 197.632
1, 17211.5, 17211.5, 17211.5, 16562, 150748, 28743, 93649, 3.45576, 1000, 197.626
1, 17212, 17212, 17212, 16575, 150757, 28798, 93805, 3.47469, 1000, 197.623
1, 17212.5, 17212.5, 17212.5, 16550, 150765, 28858, 93994, 3.49353, 1000, 197.617
1, 17213, 17213, 17213, 16575, 150673, 28902, 94121, 3.51226, 1000, 197.615
1, 17213.5, 17213.5, 17213.5, 16504, 150681, 28969, 94314, 3.53089, 1000, 197.611
1, 17214, 17214, 17214, 16488, 150623, 29023, 94462, 3.54943, 1000, 197.604
1, 17214.5, 17214.5, 17214.5, 16494, 150597, 29082, 94632, 3.56786, 1000, 197.601
1, 17215, 17215, 17215, 16565, 150612, 29140, 94811, 3.58621, 1000, 197.595
1, 17215.5, 17215.5, 17215.5, 16502, 150689, 29220, 95045, 3.60446, 1000, 197.592
1, 17216, 17216, 17216, 16513, 150634, 29271, 95246, 3.62262, 1000, 197.588
1, 17217, 17217, 17217, 16499, 150546, 29378, 95525, 3.65866, 1000, 197.583
1, 17218, 17218, 17218, 16477, 150547, 29502, 95900, 3.69436, 1000, 197.58
1, 17219, 17219, 17219, 16503, 150560, 29612, 96227, 3.72971, 1000, 197.574
1, 17220, 17220, 17220, 16510, 150521, 29706, 96509, 3.76473, 1000, 197.568
1, 17221, 17221, 17221, 16525, 150479, 29781, 96728, 3.79943, 1000, 197.565
1, 17222, 17222, 17222, 16499, 150479, 29852, 96937, 3.83382, 1000, 197.559
1, 17223, 17223, 17223, 16572, 150482, 29915, 97133, 3.8679, 1000, 197.555
1, 17224, 17224, 17224, 16502, 150553, 29975, 97312, 3.90168, 1000, 197.548
1, 17225, 17225, 17225, 16444, 150597, 30017, 97432, 3.93517, 1000, 197.546
1, 17226, 17226, 17226, 16554, 150569, 30036, 97505, 3.96838, 1000, 197.541
1, 17227, 17227, 17227, 16485, 150401, 30022, 97463, 4.00131, 1000, 197.535
1, 17228, 17228, 17228, 16453, 150291, 30009, 97422, 4.03398, 1000, 197.531
1, 17229, 17229, 17229, 16505, 150198, 29987, 97367, 4.06638, 1000, 197.527
1, 17230, 17230, 17230, 16491, 150403, 30015, 97462, 4.09852, 1000, 197.523
1, 17231, 17231, 17231, 16515, 150387, 29997, 97416, 4.13042, 1000, 197.52
1, 17232, 17232, 17232, 16507, 150334, 29967, 97334, 4.16207, 1000, 197.514
1, 17233, 17233, 17233, 16489, 150233, 29927, 97208, 4.19348, 1000, 197.508
1, 17234, 17234, 17234, 16476, 150221, 29900, 97144, 4.22466, 1000, 197.502
1, 17235, 17235, 17235, 16507, 150202, 29872, 97076, 4.25561, 1000, 197.5
1, 17236, 17236, 17236, 16469, 150170, 29839, 96978, 4.28634, 1000, 197.495
1, 17237, 17237, 17237, 16500, 150107, 29799, 96871, 4.31685, 1000, 197.491
1, 17238, 17238, 17238, 16413, 150064, 29764, 96778, 4.34714, 1000, 197.487
1, 17239, 17239, 17239, 16475, 150092, 29742, 96712, 4.37723, 1000, 197.482
1, 17240, 17240, 17240, 16456, 150019, 29696, 96586, 4.4071, 1000, 197.477
1, 17241, 17241, 17241, 16392, 149934, 29646, 96435, 4.43678, 1000, 197.475
1, 17242, 17242, 17242, 16477, 150001, 29629, 96389, 4.46626, 1000, 197.468
1, 17243, 17243, 17243, 16494, 150012, 29600, 96319, 4.49555, 1000, 197.462
1, 17244, 17244, 17244, 16474, 149965, 29557, 96185, 4.52465, 1000, 197.456
1, 17245, 17245, 17245, 16407, 149785, 29490, 96010, 4.55356, 1000, 197.454
1, 17246, 17246, 17246, 16464, 149773, 29437, 95862, 4.58229, 1000, 197.448
1, 17247, 17247, 17247, 16424, 149798, 29402, 95752, 4.61084, 1000, 197.443
1, 17248, 17248, 17248, 16478, 149960, 29380, 95689, 4.63921, 1000, 197.44
1, 17249, 17249, 17249, 16452, 149920, 29328, 95553, 4.66742, 1000, 197.436
1, 17250, 17250, 17250, 16490, 149878, 29281, 95418, 4.69545, 1000, 197.43
1, 17251, 17251, 17251, 16447, 149671, 29185, 95140, 4.72332, 1000, 197.425
1, 17252, 17252, 17252, 16511, 149699, 29138, 95014, 4.75102, 1000, 197.422
1, 17253, 17253, 17253, 16447, 149659, 29075, 94840, 4.77856, 1000, 197.415
1, 17254, 17254, 17254, 16453, 149711, 29037, 94716, 4.80595, 1000, 197.412
1, 17255, 17255, 17255, 16353, 149627, 28971, 94530, 4.83317, 1000, 197.409
1, 17256, 17256, 17256, 16441, 149583, 28919, 94402, 4.86025, 1000, 197.403
1, 17257, 17257, 17257, 16388, 149549, 28868, 94239, 4.88718, 1000, 197.397
1, 17258, 17258, 17258, 16367, 149536, 28827, 94120, 4.91396, 1000, 197.393
1, 17259, 17259, 17259, 16394, 149558, 28792, 94040, 4.94059, 1000, 197.388
1, 17260, 17260, 17260, 16424, 149661, 28785, 94030, 4.96708, 1000, 197.383
1, 17261, 17261, 17261, 16437, 149514, 28729, 93873, 4.99343, 1000, 197.377
1, 17262, 17262, 17262, 16450, 149449, 28694, 93786, 5.01965, 1000, 197.375
1, 17263, 17263, 17263, 16421, 149503, 28691, 93769, 5.04572, 1000, 197.37
1, 17264, 17264, 17264, 16423, 149372, 28664, 93686, 5.07166, 1000, 197.364
1, 17265, 17265, 17265, 16376, 149374, 28649, 93653, 5.09748, 1000, 197.361
1, 17266, 17266, 17266, 16450, 149330, 28654, 93674, 5.12316, 1000, 197.356
1, 17267, 17267, 17267, 16464, 149339, 28661, 93699, 5.14871, 1000, 197.351
1, 17268, 17268, 17268, 16404, 149252, 28648, 93662, 5.17413, 1000, 197.348
1, 17269, 17269, 17269, 16393, 149291, 28671, 93743, 5.19943, 1000, 197.343
1, 17270, 17270, 17270, 16446, 149073, 28641, 93653, 5.22461, 1000, 197.338
1, 17271, 17271, 17271, 16385, 149032, 28655, 93701, 5.24967, 1000, 197.333
1, 17272, 17272, 17272, 16457, 148971, 28667, 93740, 5.27461, 1000, 197.329
1, 17273, 17273, 17273, 16441, 148923, 28676, 93760, 5.29943, 1000, 197.324
1, 17274, 17274, 17274, 16345, 148936, 28707, 93872, 5.32414, 1000, 197.319
1, 17275, 17275, 17275, 16356, 148915, 28726, 93932, 5.34873, 1000, 197.316
1, 17276, 17276, 17276, 16319, 148863, 28739, 93965, 5.37321, 1000, 197.311
1, 17277, 17277, 17277, 16396, 148876, 28771, 94056, 5.39758, 1000, 197.305
1, 17278, 17278, 17278, 16367, 148833, 28806, 94137, 5.42184, 1000, 197.303
1, 17279, 17279, 17279, 16383, 148744, 28819, 94206, 5.44599, 1000, 197.298
1, 17280, 17280, 17280, 16354, 148736, 28847, 94292, 5.47003, 1000, 197.293
1, 17281, 17281, 17281, 16418, 148672, 28866, 94363, 5.49397, 1000, 197.287
1, 17282, 17282, 17282, 16319, 148544, 28880, 94401, 5.51781, 1000, 197.284
1, 17283, 17283, 17283, 16315, 148427, 28904, 94481, 5.54154, 1000, 197.277
1, 17284, 17284, 17284, 16367, 148384, 28933, 94578, 5.56517, 1000, 197.271
1, 17285, 17285, 17285, 16361, 148391, 28981, 94722, 5.5887, 1000, 197.269
1, 17286, 17286, 17286, 16376, 148361, 29016, 94815, 5.61214, 1000, 197.263
1, 17287, 17287, 17287, 16313, 148329, 29048, 94921, 5.63547, 1000, 197.257
1, 17288, 17288, 17288, 16290, 148331, 29076, 94999, 5.65871, 1000, 197.255
1, 17289, 17289, 17289, 16333, 148267, 29101, 95087, 5.68185, 1000, 197.251
1, 17290, 17290, 17290, 16333, 148227, 29141, 95218, 5.7049, 1000, 197.244
1, 17291, 17291, 17291, 16443, 148192, 29165, 95289, 5.72786, 1000, 197.239
1, 17292, 17292, 17292, 16342, 148153, 29190, 95379, 5.75073, 1000, 197.236
1, 17293, 17293, 17293, 16286, 148082, 29209, 95435, 5.7735, 1000, 197.231
1, 17294, 17294, 17294, 16344, 148050, 29234, 95532, 5.79619, 1000, 197.225
1, 17295, 17295, 17295, 16283, 147980, 29259, 95600, 5.81879, 1000, 197.222
1, 17296, 17296, 17296, 16316, 148001, 29294, 95699, 5.8413, 1000, 197.217
1, 17297, 17297, 17297, 16348, 147933, 29307, 95738, 5.86372, 1000, 197.212
1, 17298, 17298, 17298, 16340, 147938, 29346, 95868, 5.88606, 1000, 197.209
1, 17299, 17299, 17299, 16331, 147928, 29373, 95938, 5.90831, 1000, 197.204
1, 17300, 17300, 17300, 16328, 148125, 29436, 96142, 5.93048, 1000, 197.199
1, 17301, 17301, 17301, 16306, 148149, 29470, 96238, 5.95257, 1000, 197.193
1, 17302, 17302, 17302, 16386, 148022, 29477, 96247, 5.97457, 1000, 197.191
1, 17303, 17303, 17303, 16394, 147982, 29485, 96299, 5.9965, 1000, 197.186
1, 17304, 17304, 17304, 16311, 147930, 29498, 96363, 6.01834, 1000, 197.181
1, 17305, 17305, 17305, 16303, 147978, 29530, 96422, 6.04011, 1000, 197.178
1, 17306, 17306, 17306, 16361, 147858, 29520, 96435, 6.0618, 1000, 197.172
1, 17307, 17307, 17307, 16282, 147777, 29509, 96382, 6.08341, 1000, 197.167
1, 17308, 17308, 17308, 16312, 147827, 29539, 96486, 6.10494, 1000, 197.163
1, 17309, 17309, 17309, 16330, 147739, 29531, 96472, 6.1264, 1000, 197.159
1, 17310, 17310, 17310, 16331, 147742, 29554, 96536, 6.14779, 1000, 197.152
1, 17311, 17311, 17311, 16265, 147738, 29562, 96541, 6.1691, 1000, 197.147
1, 17312, 17312, 17312, 16341, 147733, 29568, 96593, 6.19033, 1000, 197.145
1, 17313, 17313, 17313, 16311, 147738, 29571, 96585, 6.2115, 1000, 197.139
1, 17314, 17314, 17314, 16381, 147698, 29570, 96604, 6.23259, 1000, 197.133
1, 17315, 17315, 17315, 16299, 147551, 29548, 96557, 6.25361, 1000, 197.13
1, 17316, 17316, 17316, 16307, 147507, 29539, 96525, 6.27456, 1000, 197.124
1, 17317, 17317, 17317, 16350, 147494, 29538, 96525, 6.29544, 1000, 197.12
1, 17318, 17318, 17318, 16326, 147458, 29541, 96532, 6.31625, 1000, 197.117
1, 17319, 17319, 17319, 16323, 147372, 29529, 96500, 6.33699, 1000, 197.113
1, 17320, 17320, 17320, 16313, 147372, 29532, 96508, 6.35767, 1000, 197.107
1, 17321, 17321, 17321, 16356, 147319, 29518, 96470, 6.37828, 1000, 197.102
1, 17322, 17322, 17322, 16326, 147319, 29523, 96496, 6.39882, 1000, 197.099
1, 17323, 17323, 17323, 16348, 147530, 29560, 96601, 6.4193, 1000, 197.092
1, 17324, 17324, 17324, 16375, 147479, 29542, 96565, 6.43971, 1000, 197.087
1, 17325, 17325, 17325, 16314, 147363, 29516, 96512, 6.46005, 1000, 197.085
1, 17326, 17326, 17326, 16382, 147349, 29512, 96494, 6.48034, 1000, 197.078
1, 17327, 17327, 17327, 16306, 147184, 29476, 96396, 6.50056, 1000, 197.074
1, 17328, 17328, 17328, 16318, 147167, 29467, 96391, 6.52071, 1000, 197.071
1, 17329, 17329, 17329, 16368, 146910, 29417, 96236, 6.54081, 1000, 197.066
1, 17330, 17330, 17330, 16309, 146902, 29407, 96221, 6.56084, 1000, 197.06
1, 17331, 17331, 17331, 16257, 146820, 29384, 96153, 6.58081, 1000, 197.053
1, 17332, 17332, 17332, 16226, 146783, 29378, 96119, 6.60072, 1000, 197.052
1, 17333, 17333, 17333, 16187, 146766, 29366, 96080, 6.62058, 1000, 197.047
1, 17334, 17334, 17334, 16294, 146844, 29376, 96135, 6.64037, 1000, 197.041
1, 17335, 17335, 17335, 16300, 146743, 29358, 96078, 6.6601, 1000, 197.039
1, 17336, 17336, 17336, 16349, 146676, 29334, 96019, 6.67978, 1000, 197.032
1, 17337, 17337, 17337, 16250, 146689, 29340, 96019, 6.69939, 1000, 197.026
1, 17338, 17338, 17338, 16376, 146620, 29325, 95979, 6.71896, 1000, 197.024
1, 17339, 17339, 17339, 16207, 146612, 29325, 95989, 6.73846, 1000, 197.02
1, 17340, 17340, 17340, 16249, 146582, 29313, 95948, 6.75791, 1000, 197.013
1, 17341, 17341, 17341, 16281, 146476, 29290, 95904, 6.7773, 1000, 197.011
1, 17342, 17342, 17342, 16238, 146457, 29290, 95898, 6.79663, 1000, 197.004
1, 17343, 17343, 17343, 16266, 146434, 29288, 95901, 6.81591, 1000, 196.999
1, 17344, 17344, 17344, 16269, 146409, 29277, 95855, 6.83514, 1000, 196.995
1, 17345, 17345, 17345, 16224, 146378, 29275, 95865, 6.85431, 1000, 196.991
1, 17346, 17346, 17346, 16280, 146306, 29261, 95840, 6.87343, 1000, 196.985
1, 17347, 17347, 17347, 16189, 146347, 29269, 95853, 6.8925, 1000, 196.98
1, 17348, 17348, 17348, 16211, 146317, 29264, 95874, 6.91151, 1000, 196.977
1, 17349, 17349, 17349, 16262, 146210, 29243, 95822, 6.93048, 1000, 196.972
1, 17350, 17350, 17350, 16240, 146185, 29240, 95800, 6.94939, 1000, 196.968
1, 17351, 17351, 17351, 16217, 146090, 29219, 95744, 6.96824, 1000, 196.965
1, 17352, 17352, 17352, 16262, 146049, 29216, 95745, 6.98705, 1000, 196.96
1, 17353, 17353, 17353, 16291, 146030, 29218, 95735, 7.00581, 1000, 196.954
1, 17354, 17354, 17354, 16298, 146028, 29222, 95751, 7.02452, 1000, 196.948
1, 17355, 17355, 17355, 16244, 145949, 29212, 95749, 7.04317, 1000, 196.946
1, 17356, 17356, 17356, 16301, 145936, 29212, 95746, 7.06178, 1000, 196.941
1, 17357, 17357, 17357, 16249, 145892, 29206, 95736, 7.08034, 1000, 196.936
1, 17358, 17358, 17358, 16239, 145788, 29185, 95700, 7.09885, 1000, 196.934
1, 17359, 17359, 17359, 16327, 145751, 29178, 95661, 7.11731, 1000, 196.928
1, 17360, 17360, 17360, 16226, 145749, 29179, 95677, 7.13573, 1000, 196.922
1, 17361, 17361, 17361, 16228, 145749, 29181, 95674, 7.1541, 1000, 196.915
1, 17362, 17362, 17362, 16258, 145658, 29162, 95608, 7.17242, 1000, 196.913
1, 17363, 17363, 17363, 16281, 145702, 29170, 95660, 7.19069, 1000, 196.907
1, 17364, 17364, 17364, 16312, 145635, 29158, 95623, 7.20892, 1000, 196.902
1, 17365, 17365, 17365, 16319, 145566, 29141, 95590, 7.2271, 1000, 196.9
1, 17366, 17366, 17366, 16253, 145651, 29155, 95626, 7.24524, 1000, 196.894
1, 17367, 17367, 17367, 16265, 145607, 29145, 95602, 7.26333, 1000, 196.889
1, 17368, 17368, 17368, 16301, 145540, 29129, 95565, 7.28137, 1000, 196.888
1, 17369, 17369, 17369, 16320, 145494, 29121, 95550, 7.29937, 1000, 196.882
1, 17370, 17370, 17370, 16256, 145455, 29114, 95533, 7.31733, 1000, 196.876
1, 17371, 17371, 17371, 16250, 145427, 29110, 95508, 7.33524, 1000, 196.871
1, 17372, 17372, 17372, 16182, 145353, 29094, 95511, 7.35311, 1000, 196.869
1, 17373, 17373, 17373, 16249, 145333, 29088, 95494, 7.37094, 1000, 196.863
1, 17374, 17374, 17374, 16282, 145346, 29089, 95482, 7.38872, 1000, 196.857
1, 17375, 17375, 17375, 16251, 145307, 29080, 95448, 7.40646, 1000, 196.855
1, 17376, 17376, 17376, 16210, 145217, 29065, 95423, 7.42416, 1000, 196.848
1, 17377, 17377, 17377, 16228, 145188, 29063, 95401, 7.44181, 1000, 196.842
1, 17378, 17378, 17378, 16307, 145106, 29051, 95388, 7.45943, 1000, 196.84
1, 17379, 17379, 17379, 16247, 145111, 29053, 95405, 7.477, 1000, 196.834
1, 17380, 17380, 17380, 16276, 145101, 29056, 95430, 7.49453, 1000, 196.83
1, 17381, 17381, 17381, 16272, 145109, 29063, 95458, 7.51202, 1000, 196.823
1, 17382, 17382, 17382, 16264, 144943, 29031, 95357, 7.52947, 1000, 196.821
1, 17383, 17383, 17383, 16247, 144880, 29023, 95327, 7.54688, 1000, 196.816
1, 17384, 17384, 17384, 16243, 144883, 29030, 95370, 7.56425, 1000, 196.81
1, 17385, 17385, 17385, 16300, 144877, 29034, 95372, 7.58158, 1000, 196.807
1, 17386, 17386, 17386, 16179, 144746, 29014, 95317, 7.59887, 1000, 196.801
1, 17387, 17387, 17387, 16255, 144745, 29021, 95350, 7.61612, 1000, 196.796
1, 17388, 17388, 17388, 16203, 144641, 29012, 95326, 7.63333, 1000, 196.793
1, 17389, 17389, 17389, 16233, 144602, 29014, 95339, 7.6505, 1000, 196.787
1, 17390, 17390, 17390, 16260, 144525, 29012, 95324, 7.66764, 1000, 196.783
1, 17391, 17391, 17391, 16276, 144478, 29015, 95342, 7.68473, 1000, 196.778
1, 17392, 17392, 17392, 16256, 144422, 29015, 95356, 7.70179, 1000, 196.776
1, 17393, 17393, 17393, 16222, 144411, 29026, 95382, 7.71881, 1000, 196.768
1, 17394, 17394, 17394, 16283, 144334, 29025, 95359, 7.73579, 1000, 196.764
1, 17395, 17395, 17395, 16188, 144229, 29015, 95362, 7.75274, 1000, 196.761
1, 17396, 17396, 17396, 16230, 144229, 29028, 95400, 7.76965, 1000, 196.755
1, 17397, 17397, 17397, 16243, 144206, 29038, 95420, 7.78652, 1000, 196.752
1, 17398, 17398, 17398, 16266, 144047, 29027, 95395, 7.80336, 1000, 196.748
1, 17399, 17399, 17399, 16246, 144038, 29040, 95430, 7.82016, 1000, 196.741
1, 17400, 17400, 17400, 16244, 144007, 29049, 95469, 7.83692, 1000, 196.736
1, 17403, 17403, 17403, 32503, 287937, 58154, 191121, 7.887, 2000, 196.728
1, 17406, 17406, 17406, 32469, 287695, 58186, 191238, 7.93676, 2000, 196.72
1, 17409, 17409, 17409, 32389, 287524, 58222, 191399, 7.98621, 2000, 196.713
1, 17412, 17412, 17412, 32404, 287221, 58222, 191459, 8.03535, 2000, 196.708
1, 17415, 17415, 17415, 32420, 286915, 58219, 191478, 8.0842, 2000, 196.699
1, 17418, 17418, 17418, 32365, 286697, 58226, 191504, 8.13276, 2000, 196.692
1, 17421, 17421, 17421, 32474, 286462, 58219, 191542, 8.18102, 2000, 196.682
1, 17424, 17424, 17424, 32335, 286154, 58214, 191513, 8.22901, 2000, 196.675
1, 17427, 17427, 17427, 32390, 285889, 58207, 191531, 8.27671, 2000, 196.669
1, 17430, 17430, 17430, 32403, 285566, 58191, 191537, 8.32414, 2000, 196.66
1, 17433, 17433, 17433, 32383, 285373, 58188, 191510, 8.3713, 2000, 196.651
1, 17436, 17436, 17436, 32358, 285109, 58196, 191582, 8.4182, 2000, 196.643
1, 17439, 17439, 17439, 32462, 284773, 58189, 191577, 8.46484, 2000, 196.634
1, 17442, 17442, 17442, 32447, 284494, 58187, 191620, 8.51122, 2000, 196.628
1, 17445, 17445, 17445, 32418, 284532, 58248, 191828, 8.55736, 2000, 196.62
1, 17448, 17448, 17448, 32364, 284278, 58267, 191884, 8.60324, 2000, 196.612
1, 17451, 17451, 17451, 32428, 283949, 58251, 191902, 8.64888, 2000, 196.603
1, 17454, 17454, 17454, 32368, 283539, 58212, 191823, 8.69428, 2000, 196.597
1, 17457, 17457, 17457, 32385, 283168, 58178, 191751, 8.73945, 2000, 196.587
1, 17460, 17460, 17460, 32388, 283109, 58202, 191827, 8.78438, 2000, 196.58
1, 17463, 17463, 17463, 32422, 282877, 58180, 191806, 8.82909, 2000, 196.57
1, 17466, 17466, 17466, 32449, 282595, 58136, 191705, 8.87357, 2000, 196.564
1, 17469, 17469, 17469, 32445, 282408, 58112, 191660, 8.91782, 2000, 196.555
1, 17472, 17472, 17472, 32469, 282093, 58060, 191495, 8.96186, 2000, 196.55
1, 17475, 17475, 17475, 32513, 281804, 58014, 191391, 9.00568, 2000, 196.541
1, 17478, 17478, 17478, 32427, 281568, 57971, 191308, 9.0493, 2000, 196.534
1, 17481, 17481, 17481, 32288, 281288, 57918, 191193, 9.0927, 2000, 196.525
1, 17484, 17484, 17484, 32378, 281261, 57930, 191264, 9.13589, 2000, 196.517
1, 17487, 17487, 17487, 32247, 280938, 57878, 191135, 9.17889, 2000, 196.509
1, 17490, 17490, 17490, 32264, 280523, 57822, 190999, 9.22168, 2000, 196.501
1, 17493, 17493, 17493, 32310, 280177, 57772, 190859, 9.26427, 2000, 196.493
1, 17496, 17496, 17496, 32304, 279944, 57748, 190865, 9.30667, 2000, 196.485
1, 17499, 17499, 17499, 32330, 279969, 57785, 190968, 9.34888, 2000, 196.477
1, 17502, 17502, 17502, 32395, 279570, 57731, 190852, 9.3909, 2000, 196.47
1, 17505, 17505, 17505, 32296, 279345, 57720, 190881, 9.43273, 2000, 196.462
1, 17508, 17508, 17508, 32343, 279313, 57750, 190984, 9.47437, 2000, 196.455
1, 17511, 17511, 17511, 32356, 279085, 57737, 190947, 9.51584, 2000, 196.446
1, 17514, 17514, 17514, 32402, 278636, 57689, 190842, 9.55712, 2000, 196.438
1, 17517, 17517, 17517, 32306, 278427, 57692, 190894, 9.59823, 2000, 196.429
1, 17520, 17520, 17520, 32283, 278011, 57658, 190798, 9.63916, 2000, 196.422
1, 17523, 17523, 17523, 32275, 277801, 57642, 190803, 9.67992, 2000, 196.416
1, 17526, 17526, 17526, 32374, 277759, 57663, 190875, 9.7205, 2000, 196.406
1, 17529, 17529, 17529, 32189, 277224, 57598, 190715, 9.76092, 2000, 196.398
1, 17532, 17532, 17532, 32188, 276743, 57538, 190555, 9.80117, 2000, 196.394
1, 17535, 17535, 17535, 32179, 276524, 57538, 190575, 9.84126, 2000, 196.384
1, 17538, 17538, 17538, 32067, 276203, 57509, 190537, 9.88118, 2000, 196.377
1, 17541, 17541, 17541, 32039, 275657, 57438, 190349, 9.92095, 2000, 196.37
1, 17544, 17544, 17544, 32117, 276183, 57573, 190748, 9.96055, 2000, 196.362
1, 17547, 17547, 17547, 32237, 276313, 57626, 190949, 10, 2000, 196.353
1, 17550, 17550, 17550, 32246, 275994, 57601, 190906, 10.0393, 2000, 196.347
1, 17553, 17553, 17553, 32198, 275713, 57584, 190888, 10.0784, 2000, 196.337
1, 17556, 17556, 17556, 32185, 275018, 57509, 190651, 10.1174, 2000, 196.329
1, 17559, 17559, 17559, 32055, 274689, 57483, 190632, 10.1563, 2000, 196.324
1, 17562, 17562, 17562, 32167, 274520, 57491, 190692, 10.195, 2000, 196.316
1, 17565, 17565, 17565, 32124, 274303, 57493, 190750, 10.2335, 2000, 196.307
1, 17568, 17568, 17568, 32047, 274042, 57485, 190732, 10.2719, 2000, 196.3
1, 17571, 17571, 17571, 32117, 273887, 57499, 190773, 10.3102, 2000, 196.291
1, 17574, 17574, 17574, 32152, 273768, 57513, 190853, 10.3483, 2000, 196.284
1, 17577, 17577, 17577, 32171, 273919, 57562, 191022, 10.3862, 2000, 196.275
1, 17580, 17580, 17580, 32134, 273402, 57496, 190853, 10.4241, 2000, 196.27
1, 17583, 17583, 17583, 32153, 273034, 57459, 190762, 10.4618, 2000, 196.263
1, 17586, 17586, 17586, 31991, 272226, 57328, 190393, 10.4993, 2000, 196.254
1, 17589, 17589, 17589, 31948, 272072, 57323, 190415, 10.5368, 2000, 196.245
1, 17592, 17592, 17592, 31934, 271928, 57337, 190481, 10.5741, 2000, 196.236
1, 17595, 17595, 17595, 31899, 271695, 57325, 190429, 10.6112, 2000, 196.231
1, 17598, 17598, 17598, 31953, 271334, 57284, 190313, 10.6483, 2000, 196.222
1, 17601, 17601, 17601, 31897, 271294, 57316, 190475, 10.6852, 2000, 196.215
1, 17604, 17604, 17604, 31969, 271202, 57329, 190572, 10.722, 2000, 196.206
1, 17607, 17607, 17607, 32018, 270812, 57301, 190496, 10.7586, 2000, 196.199
1, 17610, 17610, 17610, 31917, 270517, 57268, 190439, 10.7952, 2000, 196.19
1, 17613, 17613, 17613, 31937, 269994, 57208, 190274, 10.8316, 2000, 196.184
1, 17616, 17616, 17616, 31908, 269742, 57187, 190229, 10.8679, 2000, 196.175
1, 17619, 17619, 17619, 31876, 269571, 57177, 190237, 10.904, 2000, 196.168
1, 17622, 17622, 17622, 31871, 269443, 57179, 190269, 10.9401, 2000, 196.161
1, 17625, 17625, 17625, 31911, 269180, 57158, 190228, 10.976, 2000, 196.153
1, 17628, 17628, 17628, 31944, 269366, 57228, 190464, 11.0118, 2000, 196.147
1, 17631, 17631, 17631, 31946, 269075, 57210, 190444, 11.0475, 2000, 196.14
1, 17634, 17634, 17634, 31933, 268435, 57117, 190164, 11.0831, 2000, 196.13
1, 17637, 17637, 17637, 31879, 268368, 57141, 190257, 11.1185, 2000, 196.123
1, 17640, 17640, 17640, 31833, 268506, 57192, 190466, 11.1539, 2000, 196.115
1, 17643, 17643, 17643, 31788, 267915, 57115, 190249, 11.1891, 2000, 196.109
1, 17646, 17646, 17646, 31828, 267412, 57052, 190105, 11.2243, 2000, 196.103
1, 17649, 17649, 17649, 31779, 267190, 57038, 190107, 11.2593, 2000, 196.094
1, 17652, 17652, 17652, 31770, 266929, 57017, 190051, 11.2942, 2000, 196.087
1, 17655, 17655, 17655, 31755, 266444, 56961, 189910, 11.329, 2000, 196.078
1, 17658, 17658, 17658, 31636, 266153, 56937, 189872, 11.3637, 2000, 196.073
1, 17661, 17661, 17661, 31614, 265839, 56906, 189784, 11.3983, 2000, 196.065
1, 17664, 17664, 17664, 31714, 265732, 56912, 189839, 11.4328, 2000, 196.057
1, 17667, 17667, 17667, 31564, 265396, 56870, 189755, 11.4672, 2000, 196.049
1, 17670, 17670, 17670, 31559, 265047, 56826, 189640, 11.5015, 2000, 196.041
1, 17673, 17673, 17673, 31584, 264693, 56776, 189510, 11.5356, 2000, 196.037
1, 17676, 17676, 17676, 31472, 264858, 56823, 189687, 11.5697, 2000, 196.028
1, 17679, 17679, 17679, 31488, 264842, 56860, 189778, 11.6037, 2000, 196.019
1, 17682, 17682, 17682, 31571, 265046, 56921, 190059, 11.6376, 2000, 196.011
1, 17685, 17685, 17685, 31583, 264687, 56868, 189892, 11.6714, 2000, 196.003
1, 17688, 17688, 17688, 31540, 264407, 56831, 189814, 11.705, 2000, 195.994
1, 17691, 17691, 17691, 31430, 263531, 56699, 189444, 11.7386, 2000, 195.989
1, 17694, 17694, 17694, 31405, 263143, 56651, 189323, 11.7721, 2000, 195.981
1, 17697, 17697, 17697, 31416, 263547, 56755, 189671, 11.8055, 2000, 195.974
1, 17700, 17700, 17700, 31415, 263181, 56715, 189567, 11.8388, 2000, 195.965
1, 17705, 17705, 17705, 47283, 394056, 85021, 284262, 11.8941, 3000, 195.954
1, 17710, 17710, 17710, 47157, 393431, 84991, 284189, 11.9491, 3000, 195.944
1, 17715, 17715, 17715, 47059, 392895, 84982, 284233, 12.0039, 3000, 195.936
1, 17720, 17720, 17720, 47107, 392359, 84985, 284335, 12.0585, 3000, 195.925
1, 17725, 17725, 17725, 46909, 391507, 84907, 284142, 12.1128, 3000, 195.915
1, 17730, 17730, 17730, 46903, 391016, 84895, 284159, 12.1668, 3000, 195.905
1, 17735, 17735, 17735, 46679, 390406, 84869, 284127, 12.2206, 3000, 195.893
1, 17740, 17740, 17740, 46689, 389943, 84881, 284226, 12.2742, 3000, 195.882
1, 17745, 17745, 17745, 46571, 389108, 84801, 284055, 12.3276, 3000, 195.872
1, 17750, 17750, 17750, 46568, 388226, 84710, 283827, 12.3807, 3000, 195.862
1, 17755, 17755, 17755, 46497, 387704, 84689, 283834, 12.4336, 3000, 195.85
1, 17760, 17760, 17760, 46559, 387031, 84656, 283809, 12.4862, 3000, 195.838
1, 17765, 17765, 17765, 46526, 386748, 84668, 283861, 12.5387, 3000, 195.829
1, 17770, 17770, 17770, 46462, 386173, 84607, 283763, 12.5909, 3000, 195.818
1, 17775, 17775, 17775, 46386, 385548, 84584, 283712, 12.6429, 3000, 195.808
1, 17780, 17780, 17780, 46476, 384633, 84490, 283487, 12.6947, 3000, 195.796
1, 17785, 17785, 17785, 46249, 384077, 84481, 283487, 12.7463, 3000, 195.788
1, 17790, 17790, 17790, 46283, 383839, 84526, 283701, 12.7976, 3000, 195.777
1, 17795, 17795, 17795, 46267, 383080, 84465, 283580, 12.8488, 3000, 195.767
1, 17800, 17800, 17800, 46180, 382371, 84427, 283516, 12.8998, 3000, 195.757
1, 17805, 17805, 17805, 46295, 381618, 84381, 283385, 12.9505, 3000, 195.746
1, 17810, 17810, 17810, 46176, 381184, 84374, 283436, 13.0011, 3000, 195.734
1, 17815, 17815, 17815, 46058, 380516, 84320, 283329, 13.0515, 3000, 195.724
1, 17820, 17820, 17820, 46058, 379841, 84255, 283217, 13.1017, 3000, 195.714
1, 17825, 17825, 17825, 46030, 379222, 84209, 283107, 13.1516, 3000, 195.703
1, 17830, 17830, 17830, 45948, 378826, 84191, 283115, 13.2014, 3000, 195.691
1, 17835, 17835, 17835, 45935, 377957, 84084, 282820, 13.2511, 3000, 195.68
1, 17840, 17840, 17840, 45858, 377273, 84008, 282652, 13.3005, 3000, 195.67
1, 17845, 17845, 17845, 45955, 376899, 84004, 282673, 13.3497, 3000, 195.66
1, 17850, 17850, 17850, 45840, 376709, 84049, 282841, 13.3988, 3000, 195.648
1, 17855, 17855, 17855, 45827, 375869, 83951, 282551, 13.4477, 3000, 195.638
1, 17860, 17860, 17860, 45730, 374404, 83747, 281945, 13.4964, 3000, 195.628
1, 17865, 17865, 17865, 45697, 374122, 83757, 282005, 13.5449, 3000, 195.617
1, 17870, 17870, 17870, 45742, 373611, 83737, 281967, 13.5933, 3000, 195.606
1, 17875, 17875, 17875, 45584, 372852, 83649, 281741, 13.6415, 3000, 195.596
1, 17880, 17880, 17880, 45418, 372320, 83613, 281643, 13.6895, 3000, 195.586
1, 17885, 17885, 17885, 45294, 371468, 83504, 281305, 13.7373, 3000, 195.575
1, 17890, 17890, 17890, 45203, 370855, 83453, 281177, 13.785, 3000, 195.565
1, 17895, 17895, 17895, 45149, 370437, 83443, 281147, 13.8325, 3000, 195.553
1, 17900, 17900, 17900, 45151, 369939, 83426, 281087, 13.8799, 3000, 195.545
1, 17905, 17905, 17905, 45088, 369225, 83348, 280808, 13.9271, 3000, 195.533
1, 17910, 17910, 17910, 45118, 368843, 83337, 280760, 13.9741, 3000, 195.522
1, 17915, 17915, 17915, 45026, 368640, 83371, 280834, 14.021, 3000, 195.512
1, 17920, 17920, 17920, 45002, 367611, 83270, 280484, 14.0677, 3000, 195.5
1, 17925, 17925, 17925, 44795, 367170, 83231, 280260, 14.1143, 3000, 195.489
1, 17930, 17930, 17930, 44744, 366584, 83198, 280032, 14.1607, 3000, 195.478
1, 17935, 17935, 17935, 44823, 365769, 83122, 279675, 14.2069, 3000, 195.468
1, 17940, 17940, 17940, 44864, 365357, 83114, 279473, 14.2531, 3000, 195.457
1, 17945, 17945, 17945, 44742, 364734, 83060, 279081, 14.299, 3000, 195.446
1, 17950, 17950, 17950, 44644, 363855, 82947, 278450, 14.3448, 3000, 195.436
1, 17955, 17955, 17955, 44454, 362867, 82821, 277666, 14.3905, 3000, 195.425
1, 17960, 17960, 17960, 44424, 362005, 82723, 276772, 14.436, 3000, 195.415
1, 17965, 17965, 17965, 44408, 361873, 82789, 276192, 14.4814, 3000, 195.403
1, 17966, 17966, 17966, 44370, 362068, 82843, 276153, 14.4905, 3000, 195.394
1, 17966.5, 17966.5, 17966.5, 44379, 362014, 82839, 276069, 14.495, 3000, 195.382
1, 17967, 17967, 17967, 44408, 361909, 82817, 275905, 14.4995, 3000, 195.372
1, 17967.5, 17967.5, 17967.5, 44391, 361900, 82843, 275920, 14.504, 3000, 195.364
1, 17968, 17968, 17968, 44289, 361745, 82831, 275728, 14.5086, 3000, 195.355
1, 17968.5, 17968.5, 17968.5, 44285, 361734, 82835, 275569, 14.5131, 3000, 195.344
1, 17969, 17969, 17969, 44312, 361391, 82763, 275262, 14.5176, 3000, 195.333
1, 17969.5, 17969.5, 17969.5, 44217, 361216, 82716, 274996, 14.5221, 3000, 195.326
1, 17970, 17970, 17970, 44173, 361128, 82692, 274746, 14.5267, 3000, 195.314
1, 17970.5, 17970.5, 17970.5, 44221, 361003, 82662, 274510, 14.5312, 3000, 195.306
1, 17971, 17971, 17971, 44124, 360516, 82565, 274059, 14.5357, 3000, 195.297
1, 17971.5, 17971.5, 17971.5, 44230, 360812, 82627, 274047, 14.5402, 3000, 195.285
1, 17972, 17972, 17972, 44126, 360645, 82615, 273888, 14.5447, 3000, 195.276
1, 17972.5, 17972.5, 17972.5, 44212, 360435, 82587, 273595, 14.5492, 3000, 195.268
1, 17973, 17973, 17973, 44272, 360402, 82589, 273418, 14.5537, 3000, 195.26
1, 17973.5, 17973.5, 17973.5, 44103, 360108, 82543, 273072, 14.5582, 3000, 195.248
1, 17974, 17974, 17974, 44253, 360381, 82582, 272900, 14.5627, 3000, 195.236
1, 17974.5, 17974.5, 17974.5, 44151, 360583, 82609, 272741, 14.5672, 3000, 195.23
1, 17975, 17975, 17975, 44246, 360290, 82537, 272284, 14.5718, 3000, 195.219
1, 17975.5, 17975.5, 17975.5, 44222, 360244, 82533, 271971, 14.5763, 3000, 195.211
1, 17976, 17976, 17976, 44126, 360171, 82527, 271690, 14.5808, 3000, 195.2
1, 17976.5, 17976.5, 17976.5, 44199, 360139, 82531, 271361, 14.5853, 3000, 195.189
1, 17977, 17977, 17977, 44085, 359863, 82503, 270944, 14.5898, 3000, 195.181
1, 17977.5, 17977.5, 17977.5, 44172, 359680, 82480, 270528, 14.5942, 3000, 195.17
1, 17978, 17978, 17978, 44193, 359620, 82482, 270162, 14.5987, 3000, 195.162
1, 17978.5, 17978.5, 17978.5, 44050, 359448, 82447, 269602, 14.6032, 3000, 195.153
1, 17979, 17979, 17979, 44048, 359868, 82543, 269403, 14.6077, 3000, 195.142
1, 17979.5, 17979.5, 17979.5, 44184, 359905, 82554, 268951, 14.6122, 3000, 195.135
1, 17980, 17980, 17980, 44090, 359747, 82516, 268202, 14.6167, 3000, 195.124
1, 17980.5, 17980.5, 17980.5, 44196, 359888, 82552, 267647, 14.6212, 3000, 195.113
1, 17981, 17981, 17981, 44185, 359245, 82442, 266654, 14.6257, 3000, 195.104
1, 17981.5, 17981.5, 17981.5, 44183, 359165, 82435, 265767, 14.6302, 3000, 195.093
1, 17982, 17982, 17982, 44188, 359082, 82414, 264810, 14.6347, 3000, 195.085
1, 17982.5, 17982.5, 17982.5, 44170, 359308, 82448, 263832, 14.6391, 3000, 195.075
1, 17983, 17983, 17983, 44223, 359127, 82416, 262371, 14.6436, 3000, 195.066
1, 17983.5, 17983.5, 17983.5, 44170, 359025, 82408, 260866, 14.6481, 3000, 195.057
1, 17984, 17984, 17984, 44102, 358972, 82416, 258967, 14.6526, 3000, 195.046
1, 17984.5, 17984.5, 17984.5, 44121, 358668, 82361, 256932, 14.6571, 3000, 195.038
1, 17985, 17985, 17985, 44306, 359009, 82414, 254644, 14.6615, 3000, 195.025
1, 17985.5, 17985.5, 17985.5, 44164, 359090, 82443, 251675, 14.666, 3000, 195.015
1, 17986, 17986, 17986, 44091, 358982, 82412, 248607, 14.6705, 3000, 195.006
1, 17986.5, 17986.5, 17986.5, 44215, 358840, 82382, 245275, 14.675, 3000, 194.997
1, 17987, 17987, 17987, 44042, 358622, 82338, 241313, 14.6794, 3000, 194.989
1, 17987.5, 17987.5, 17987.5, 43979, 358434, 82302, 237513, 14.6839, 3000, 194.979
1, 17988, 17988, 17988, 44033, 358605, 82348, 233951, 14.6884, 3000, 194.969
1, 17988.5, 17988.5, 17988.5, 44294, 358711, 82389, 229711, 14.6928, 3000, 194.961
1, 17989, 17989, 17989, 44173, 358469, 82333, 225500, 14.6973, 3000, 194.95
1, 17989.5, 17989.5, 17989.5, 44088, 358493, 82343, 221659, 14.7018, 3000, 194.941
1, 17990, 17990, 17990, 43928, 357872, 82230, 216839, 14.7062, 3000, 194.931
1, 17990.5, 17990.5, 17990.5, 43989, 357280, 82126, 212494, 14.7107, 3000, 194.919
1, 17991, 17991, 17991, 43970, 357424, 82149, 208365, 14.7151, 3000, 194.912
1, 17991.5, 17991.5, 17991.5, 43885, 357906, 82247, 203635, 14.7196, 3000, 194.901
1, 17992, 17992, 17992, 43855, 357326, 82129, 199272, 14.7241, 3000, 194.893
1, 17992.5, 17992.5, 17992.5, 43994, 357149, 82097, 195225, 14.7285, 3000, 194.882
1, 17993, 17993, 17993, 43957, 356666, 81995, 190278, 14.733, 3000, 194.872
1, 17993.5, 17993.5, 17993.5, 43873, 356456, 81948, 186053, 14.7374, 3000, 194.865
1, 17994, 17994, 17994, 43707, 356279, 81895, 182062, 14.7419, 3000, 194.853
1, 17994.5, 17994.5, 17994.5, 43714, 355933, 81804, 176988, 14.7463, 3000, 194.844
1, 17995, 17995, 17995, 43796, 355987, 81829, 173065, 14.7508, 3000, 194.833
1, 17995.5, 17995.5, 17995.5, 43947, 355885, 81794, 169063, 14.7552, 3000, 194.823
1, 17996, 17996, 17996, 43824, 355833, 81780, 164549, 14.7597, 3000, 194.814
1, 17996.5, 17996.5, 17996.5, 43774, 355819, 81778, 161046, 14.7641, 3000, 194.804
1, 17997, 17997, 17997, 43801, 355583, 81729, 157278, 14.7686, 3000, 194.797
1, 17997.5, 17997.5, 17997.5, 43809, 355934, 81791, 153333, 14.773, 3000, 194.784
1, 17998, 17998, 17998, 43912, 355236, 81677, 150164, 14.7774, 3000, 194.776
1, 17998.5, 17998.5, 17998.5, 43786, 355015, 81628, 146799, 14.7819, 3000, 194.765
1, 17999, 17999, 17999, 43854, 354912, 81609, 143110, 14.7863, 3000, 194.754
1, 17999.5, 17999.5, 17999.5, 43687, 354966, 81612, 139978, 14.7908, 3000, 194.746
1, 18000, 18000, 18000, 43750, 354753, 81546, 136632, 14.7952, 3000, 194.735
1, 18000.5, 18000.5, 18000.5, 43665, 354669, 81518, 133014, 14.7996, 3000, 194.727
1, 18001, 18001, 18001, 43688, 354497, 81470, 129955, 14.8041, 3000, 194.715
1, 18001.5, 18001.5, 18001.5, 43669, 354375, 81446, 127001, 14.8085, 3000, 194.704
1, 18002, 18002, 18002, 43609, 354503, 81458, 123888, 14.8129, 3000, 194.697
1, 18002.5, 18002.5, 18002.5, 43594, 354579, 81454, 121355, 14.8173, 3000, 194.685
1, 18003, 18003, 18003, 43674, 354342, 81382, 118927, 14.8218, 3000, 194.678
1, 18003.5, 18003.5, 18003.5, 43702, 354288, 81366, 116545, 14.8262, 3000, 194.666
1, 18004, 18004, 18004, 43645, 353972, 81283, 114547, 14.8306, 3000, 194.655
1, 18004.5, 18004.5, 18004.5, 43599, 353739, 81213, 112920, 14.8351, 3000, 194.646
1, 18005, 18005, 18005, 43616, 353853, 81232, 111374, 14.8395, 3000, 194.636
1, 18005.5, 18005.5, 18005.5, 43552, 353623, 81170, 110108, 14.8439, 3000, 194.626
1, 18006, 18006, 18006, 43737, 353649, 81167, 109226, 14.8483, 3000, 194.616
1, 18006.5, 18006.5, 18006.5, 43697, 353482, 81119, 108335, 14.8527, 3000, 194.605
1, 18007, 18007, 18007, 43644, 353213, 81061, 107779, 14.8572, 3000, 194.596
1, 18007.5, 18007.5, 18007.5, 43615, 352967, 81007, 107386, 14.8616, 3000, 194.585
1, 18008, 18008, 18008, 43544, 352865, 80973, 107092, 14.866, 3000, 194.578
1, 18008.5, 18008.5, 18008.5, 43646, 352744, 80938, 106969, 14.8704, 3000, 194.567
1, 18009, 18009, 18009, 43596, 352583, 80888, 106949, 14.8748, 3000, 194.556
1, 18009.5, 18009.5, 18009.5, 43515, 352413, 80846, 106985, 14.8792, 3000, 194.547
1, 18010, 18010, 18010, 43618, 352445, 80845, 107109, 14.8836, 3000, 194.536
1, 18010.5, 18010.5, 18010.5, 43450, 352349, 80816, 107248, 14.888, 3000, 194.527
1, 18011, 18011, 18011, 43535, 352076, 80743, 107384, 14.8924, 3000, 194.518
1, 18011.5, 18011.5, 18011.5, 43461, 351903, 80713, 107507, 14.8968, 3000, 194.505
1, 18012, 18012, 18012, 43417, 351791, 80680, 107609, 14.9012, 3000, 194.497
1, 18012.5, 18012.5, 18012.5, 43455, 351651, 80641, 107675, 14.9057, 3000, 194.486
1, 18013, 18013, 18013, 43373, 351519, 80610, 107692, 14.9101, 3000, 194.478
1, 18013.5, 18013.5, 18013.5, 43294, 351361, 80579, 107640, 14.9145, 3000, 194.467
1, 18014, 18014, 18014, 43378, 351156, 80532, 107486, 14.9189, 3000, 194.457
1, 18014.5, 18014.5, 18014.5, 43377, 351007, 80504, 107341, 14.9233, 3000, 194.447
1, 18015, 18015, 18015, 43340, 350881, 80481, 107123, 14.9276, 3000, 194.437
1, 18015.5, 18015.5, 18015.5, 43440, 350882, 80488, 106869, 14.932, 3000, 194.429
1, 18016, 18016, 18016, 43311, 350765, 80469, 106560, 14.9364, 3000, 194.418
1, 18016.5, 18016.5, 18016.5, 43372, 350507, 80417, 106189, 14.9408, 3000, 194.407
1, 18017, 18017, 18017, 43292, 350346, 80385, 105862, 14.9452, 3000, 194.4
1, 18017.5, 18017.5, 18017.5, 43235, 350376, 80410, 105515, 14.9496, 3000, 194.388
1, 18018, 18018, 18018, 43316, 350493, 80450, 105222, 14.954, 3000, 194.379
1, 18018.5, 18018.5, 18018.5, 43260, 350194, 80385, 104861, 14.9584, 3000, 194.368
1, 18019, 18019, 18019, 43242, 350106, 80385, 104480, 14.9628, 3000, 194.358
1, 18019.5, 18019.5, 18019.5, 43269, 349953, 80351, 104196, 14.9672, 3000, 194.349
1, 18020, 18020, 18020, 43379, 350026, 80377, 103968, 14.9715, 3000, 194.338
1, 18020.5, 18020.5, 18020.5, 43283, 349713, 80325, 103662, 14.9759, 3000, 194.327
1, 18021, 18021, 18021, 43335, 349414, 80262, 103445, 14.9803, 3000, 194.319
1, 18021.5, 18021.5, 18021.5, 43224, 349140, 80211, 103262, 14.9847, 3000, 194.309
1, 18022, 18022, 18022, 43294, 349396, 80259, 103190, 14.9891, 3000, 194.301
1, 18022.5, 18022.5, 18022.5, 43229, 349393, 80274, 103179, 14.9934, 3000, 194.289
1, 18023, 18023, 18023, 43210, 349296, 80266, 103203, 14.9978, 3000, 194.278
1, 18023.5, 18023.5, 18023.5, 43263, 349197, 80262, 103267, 15.0022, 3000, 194.268
1, 18024, 18024, 18024, 43288, 348986, 80219, 103337, 15.0066, 3000, 194.259
1, 18024.5, 18024.5, 18024.5, 43156, 348993, 80227, 103531, 15.0109, 3000, 194.249
1, 18025, 18025, 18025, 43254, 348914, 80225, 103767, 15.0153, 3000, 194.239
1, 18025.5, 18025.5, 18025.5, 43211, 348742, 80203, 104008, 15.0197, 3000, 194.228
1, 18026, 18026, 18026, 43212, 348652, 80188, 104284, 15.024, 3000, 194.219
1, 18026.5, 18026.5, 18026.5, 43234, 348650, 80199, 104663, 15.0284, 3000, 194.209
1, 18027, 18027, 18027, 43244, 348538, 80180, 105002, 15.0328, 3000, 194.2
1, 18027.5, 18027.5, 18027.5, 43125, 348528, 80187, 105348, 15.0371, 3000, 194.19
1, 18028, 18028, 18028, 43239, 348232, 80130, 105630, 15.0415, 3000, 194.181
1, 18028.5, 18028.5, 18028.5, 43153, 348101, 80109, 106067, 15.0459, 3000, 194.171
1, 18029, 18029, 18029, 43055, 348072, 80112, 106413, 15.0502, 3000, 194.158
1, 18029.5, 18029.5, 18029.5, 43094, 347836, 80065, 106697, 15.0546, 3000, 194.15
1, 18030, 18030, 18030, 43124, 347800, 80060, 107078, 15.0589, 3000, 194.139
1, 18030.5, 18030.5, 18030.5, 43206, 347780, 80061, 107415, 15.0633, 3000, 194.13
1, 18031, 18031, 18031, 43123, 347663, 80020, 107662, 15.0677, 3000, 194.121
1, 18031.5, 18031.5, 18031.5, 43167, 347502, 80015, 107956, 15.072, 3000, 194.11
1, 18032, 18032, 18032, 43254, 347543, 80040, 108223, 15.0764, 3000, 194.101
1, 18032.5, 18032.5, 18032.5, 43280, 347519, 80045, 108426, 15.0807, 3000, 194.09
1, 18033, 18033, 18033, 43192, 347020, 79949, 108523, 15.0851, 3000, 194.079
1, 18033.5, 18033.5, 18033.5, 43076, 346876, 79924, 108665, 15.0894, 3000, 194.072
1, 18034, 18034, 18034, 43201, 346885, 79940, 108845, 15.0938, 3000, 194.061
1, 18034.5, 18034.5, 18034.5, 43132, 346907, 79945, 109010, 15.0981, 3000, 194.052
1, 18035, 18035, 18035, 43157, 346390, 79851, 109015, 15.1024, 3000, 194.042
1, 18035.5, 18035.5, 18035.5, 43070, 346289, 79831, 109074, 15.1068, 3000, 194.033
1, 18036, 18036, 18036, 43074, 346154, 79807, 109120, 15.1111, 3000, 194.022
1, 18041, 18041, 18041, 71765, 575519, 132822, 182505, 15.1545, 5000, 194.004
1, 18046, 18046, 18046, 71693, 575142, 132856, 180706, 15.1977, 5000, 193.988
1, 18051, 18051, 18051, 71704, 574370, 132795, 177047, 15.2408, 5000, 193.973
1, 18056, 18056, 18056, 71541, 573487, 132694, 176762, 15.2838, 5000, 193.955
1, 18061, 18061, 18061, 71569, 572267, 132537, 179888, 15.3267, 5000, 193.939
1, 18066, 18066, 18066, 71572, 571089, 132376, 182217, 15.3695, 5000, 193.923
1, 18071, 18071, 18071, 71616, 570042, 132245, 182965, 15.4121, 5000, 193.905
1, 18076, 18076, 18076, 71479, 568383, 132031, 182470, 15.4546, 5000, 193.89
1, 18081, 18081, 18081, 71290, 567916, 132028, 180896, 15.497, 5000, 193.873
1, 18086, 18086, 18086, 71040, 566650, 131877, 179423, 15.5393, 5000, 193.858
1, 18091, 18091, 18091, 71026, 565387, 131738, 179966, 15.5815, 5000, 193.84
1, 18096, 18096, 18096, 70618, 564326, 131631, 182464, 15.6235, 5000, 193.824
1, 18101, 18101, 18101, 70544, 563280, 131502, 184717, 15.6655, 5000, 193.807
1, 18106, 18106, 18106, 70478, 562038, 131359, 185060, 15.7073, 5000, 193.791
1, 18111, 18111, 18111, 70325, 560902, 131238, 184023, 15.749, 5000, 193.774
1, 18116, 18116, 18116, 70346, 559785, 131096, 182803, 15.7906, 5000, 193.759
1, 18121, 18121, 18121, 70158, 559159, 131076, 182026, 15.8321, 5000, 193.742
1, 18126, 18126, 18126, 70183, 558355, 131007, 181625, 15.8735, 5000, 193.725
1, 18131, 18131, 18131, 70132, 556927, 130829, 181728, 15.9148, 5000, 193.71
1, 18136, 18136, 18136, 70030, 556047, 130765, 182982, 15.956, 5000, 193.692
1, 18141, 18141, 18141, 69864, 555920, 130843, 185045, 15.997, 5000, 193.675
1, 18146, 18146, 18146, 69686, 554365, 130627, 186748, 16.038, 5000, 193.659
1, 18151, 18151, 18151, 69509, 553333, 130512, 187754, 16.0789, 5000, 193.643
1, 18156, 18156, 18156, 69587, 552912, 130510, 188004, 16.1196, 5000, 193.628
1, 18161, 18161, 18161, 69696, 551830, 130417, 187414, 16.1603, 5000, 193.611
1, 18166, 18166, 18166, 69601, 550516, 130259, 186182, 16.2008, 5000, 193.595
1, 18171, 18171, 18171, 69539, 549251, 130103, 184753, 16.2413, 5000, 193.578
1, 18176, 18176, 18176, 69513, 547724, 129903, 183609, 16.2816, 5000, 193.561
1, 18181, 18181, 18181, 69385, 546592, 129767, 183212, 16.3219, 5000, 193.545
1, 18186, 18186, 18186, 69070, 545509, 129645, 183693, 16.362, 5000, 193.528
1, 18191, 18191, 18191, 69027, 544784, 129603, 184871, 16.4021, 5000, 193.512
1, 18196, 18196, 18196, 68914, 543395, 129429, 185924, 16.4421, 5000, 193.497
1, 18201, 18201, 18201, 68818, 542312, 129317, 186928, 16.4819, 5000, 193.48
1, 18206, 18206, 18206, 68741, 541738, 129268, 187854, 16.5217, 5000, 193.464
1, 18211, 18211, 18211, 68530, 540842, 129172, 188567, 16.5613, 5000, 193.447
1, 18216, 18216, 18216, 68328, 540194, 129197, 188864, 16.6009, 5000, 193.431
1, 18221, 18221, 18221, 68023, 538428, 128934, 188141, 16.6404, 5000, 193.414
1, 18226, 18226, 18226, 68005, 537022, 128734, 186986, 16.6798, 5000, 193.398
1, 18231, 18231, 18231, 67926, 535911, 128588, 185613, 16.7191, 5000, 193.381
1, 18236, 18236, 18236, 67887, 535203, 128506, 184485, 16.7583, 5000, 193.364
1, 18241, 18241, 18241, 67907, 534606, 128487, 183979, 16.7974, 5000, 193.348
1, 18246, 18246, 18246, 67907, 533863, 128439, 184297, 16.8364, 5000, 193.331
1, 18251, 18251, 18251, 67827, 533262, 128432, 185227, 16.8753, 5000, 193.314
1, 18256, 18256, 18256, 67694, 532420, 128341, 186213, 16.9142, 5000, 193.297
1, 18261, 18261, 18261, 67830, 531178, 128162, 186848, 16.9529, 5000, 193.282
1, 18266, 18266, 18266, 67684, 529947, 128014, 187290, 16.9916, 5000, 193.265
1, 18271, 18271, 18271, 67556, 528455, 127789, 187518, 17.0302, 5000, 193.253
1, 18276, 18276, 18276, 67293, 525433, 127204, 187388, 17.0686, 5000, 193.236
1, 18281, 18281, 18281, 67060, 522841, 126685, 187253, 17.107, 5000, 193.22
1, 18286, 18286, 18286, 67143, 524289, 127177, 188009, 17.1454, 5000, 193.204
1, 18291, 18291, 18291, 67242, 524696, 127421, 188204, 17.1836, 5000, 193.187
1, 18296, 18296, 18296, 67224, 524136, 127392, 187968, 17.2217, 5000, 193.17
1, 18301, 18301, 18301, 66979, 523109, 127271, 187394, 17.2598, 5000, 193.153
1, 18306, 18306, 18306, 66859, 522053, 127149, 186756, 17.2978, 5000, 193.138
1, 18311, 18311, 18311, 66849, 520653, 126920, 186075, 17.3357, 5000, 193.123
1, 18316, 18316, 18316, 66637, 519892, 126890, 185797, 17.3735, 5000, 193.106
1, 18321, 18321, 18321, 66397, 519127, 126837, 185901, 17.4112, 5000, 193.089
1, 18326, 18326, 18326, 66491, 518592, 126837, 186482, 17.4488, 5000, 193.074
1, 18331, 18331, 18331, 66410, 517405, 126669, 187092, 17.4864, 5000, 193.056
1, 18336, 18336, 18336, 66387, 516441, 126559, 187657, 17.5239, 5000, 193.04
1, 18341, 18341, 18341, 66361, 515437, 126447, 188074, 17.5613, 5000, 193.024
1, 18346, 18346, 18346, 66216, 514134, 126242, 188353, 17.5986, 5000, 193.008
1, 18351, 18351, 18351, 66389, 513041, 126119, 188607, 17.6359, 5000, 192.99
1, 18356, 18356, 18356, 66308, 512589, 126144, 188895, 17.673, 5000, 192.975
1, 18361, 18361, 18361, 66009, 511513, 126024, 188902, 17.7101, 5000, 192.959
1, 18366, 18366, 18366, 66093, 510705, 125930, 188791, 17.7471, 5000, 192.942
1, 18371, 18371, 18371, 65856, 509590, 125777, 188476, 17.7841, 5000, 192.928
1, 18376, 18376, 18376, 65783, 508853, 125725, 188249, 17.8209, 5000, 192.911
1, 18381, 18381, 18381, 65784, 507979, 125633, 187961, 17.8577, 5000, 192.895
1, 18386, 18386, 18386, 65483, 506582, 125412, 187645, 17.8944, 5000, 192.88
1, 18391, 18391, 18391, 65542, 505702, 125321, 187505, 17.931, 5000, 192.862
1, 18396, 18396, 18396, 65338, 504747, 125208, 187455, 17.9676, 5000, 192.847
1, 18401, 18401, 18401, 65160, 503808, 125100, 187405, 18.0041, 5000, 192.831
1, 18406, 18406, 18406, 65200, 502932, 125004, 187481, 18.0405, 5000, 192.814
1, 18411, 18411, 18411, 65009, 502150, 124920, 187683, 18.0768, 5000, 192.798
1, 18416, 18416, 18416, 64986, 501364, 124853, 187980, 18.1131, 5000, 192.784
1, 18421, 18421, 18421, 64965, 500571, 124799, 188299, 18.1493, 5000, 192.768
1, 18426, 18426, 18426, 64850, 499344, 124626, 188492, 18.1854, 5000, 192.752
1, 18428, 18428, 18428, 64932, 498993, 124581, 188603, 18.1998, 5000, 192.734
